  0.10000000000000001       -1.4359317267586955E-015
  0.12915851000000000       -1.2500313160368325E-015
  0.15831702000000000       -2.2400490430021356E-015
  0.18747553000000003       -1.0482940064130175E-015
  0.21663404000000003       -1.8078757063800487E-015
  0.24579255000000003       -6.1635236021360422E-016
  0.27495106000000002       -1.3093207639131124E-015
  0.30410957000000005       -1.2147742517749958E-015
  0.33326808000000008        4.4355936069890736E-016
  0.36242659000000005       -1.8163104170002543E-015
  0.39158510000000002       -3.8556869585106404E-017
  0.42074361000000010       -2.1122222490288584E-015
  0.44990212000000007       -6.8935417750987475E-016
  0.47906063000000010       -3.5436676107064135E-016
  0.50821914000000012       -9.2929254826222546E-017
  0.53737765000000015       -1.4998663713096297E-015
  0.56653616000000007       -1.0961031387259074E-015
  0.59569467000000020        1.2800969337367061E-015
  0.62485318000000001       -1.3717160250257205E-015
  0.65401169000000015       -7.5603601372265530E-016
  0.68317020000000006        1.2834153792837217E-015
  0.71232871000000009       -1.5980910531057839E-015
  0.74148722000000022       -5.3317127317575838E-017
  0.77064573000000014       -2.3660747915581788E-016
  0.79980424000000017       -1.8668252711470697E-015
  0.82896275000000008        5.5243261454927250E-016
  0.85812126000000022        1.9862142394088063E-015
  0.88727977000000002        4.8300718093378062E-016
  0.91643828000000016       -1.1064456826379527E-015
  0.94559679000000030        4.5357355927159320E-016
  0.97475530000000021       -1.5205388315426010E-015
   1.0039138100000002        5.3203730012578738E-016
   1.0330723200000000       -1.3965364486765879E-016
   1.0622308300000003       -1.0039170823410979E-015
   1.0913893400000001        1.1338233409337403E-015
   1.1205478500000003       -9.7438145778120111E-016
   1.1497063600000001       -1.1693220242525715E-015
   1.1788648700000002       -8.4882430026252046E-016
   1.2080233800000002        1.1867198208430901E-015
   1.2371818900000002       -3.5597162845130938E-015
   1.2663404000000000        2.8368993301388353E-015
   1.2954989100000003        2.8119444175049529E-016
   1.3246574200000003       -3.7666889671902284E-016
   1.3538159300000001        4.5662885262611746E-016
   1.3829744400000004        5.5974263983741224E-016
   1.4121329500000002        1.1588812216886299E-015
   1.4412914600000002        3.7935465697375855E-015
   1.4704499700000002        1.0659893544201684E-015
   1.4996084800000002        1.9260557465533152E-015
   1.5287669900000003        2.1348206290203662E-015
   1.5579255000000003       -1.9718632182503293E-015
   1.5870840100000003       -1.2695625858439315E-015
   1.6162425200000001       -1.2800377705654389E-015
   1.6454010300000004       -1.4681492149273344E-015
   1.6745595400000002       -1.2102346733683602E-015
   1.7037180500000002       -1.8681572399841045E-015
   1.7328765600000005       -4.4904986914955045E-016
   1.7620350700000003        1.3848273976615146E-016
   1.7911935800000005       -1.1832758149089058E-015
   1.8203520900000003       -2.6265688920753587E-015
   1.8495106000000003       -1.2010475847881736E-015
   1.8786691100000004        2.5033861213022202E-015
   1.9078276200000004       -3.6370359701381883E-015
   1.9369861300000002       -4.5114415458997333E-015
   1.9661446400000004       -2.4556945596762596E-015
   1.9953031500000005       -3.5175333435219255E-015
   2.0244616600000005       -3.9453646473429301E-015
   2.0536201700000003       -9.9379712034546071E-015
   2.0827786800000001       -4.6440514619708545E-015
   2.1119371900000004       -4.3479891751250605E-015
   2.1410957000000006       -4.3593049265950881E-015
   2.1702542100000004       -4.0789007465751938E-016
   2.1994127200000002       -4.6699727551568736E-015
   2.2285712300000005       -5.3739441787200170E-017
   2.2577297400000007       -9.9426028969166770E-015
   2.2868882500000005       -4.2439060743151298E-015
   2.3160467600000003       -5.0441244867358470E-015
   2.3452052700000006       -5.1915699553258367E-015
   2.3743637800000004       -2.1727042806408702E-015
   2.4035222900000002       -9.2159816428877894E-015
   2.4326808000000004       -4.2555660345333507E-015
   2.4618393100000007       -2.1052456216546839E-014
   2.4909978200000005       -9.2656291462691368E-015
   2.5201563300000003       -3.7658821179083919E-016
   2.5493148400000005       -1.4789608483048998E-014
   2.5784733500000003       -7.6121461206127907E-015
   2.6076318600000006       -9.6223673083781090E-015
   2.6367903700000004       -7.5231960808171096E-015
   2.6659488800000006       -1.7892456450091029E-014
   2.6951073900000004       -1.2885055251616918E-014
   2.7242659000000002       -2.2524603203417399E-014
   2.7534244100000005       -1.9692271952241721E-014
   2.7825829200000007       -1.7112946244826777E-014
   2.8117414300000005       -2.1044469784494662E-014
   2.8408999400000003        8.0818780717510265E-015
   2.8700584500000006       -7.9212288398390982E-015
   2.8992169600000004       -1.0783801116916576E-014
   2.9283754700000002       -1.6942332442949360E-014
   2.9575339800000009       -8.2376663344333276E-015
   2.9866924900000007       -1.7282756249689767E-014
   3.0158510000000005       -1.4324480620661328E-014
   3.0450095100000003        2.1742237099475330E-015
   3.0741680200000006       -2.0878332203548731E-014
   3.1033265300000008       -4.7792508549846792E-014
   3.1324850400000006       -3.0768115017450086E-014
   3.1616435500000009       -4.8863808677370741E-014
   3.1908020600000007       -5.9518380139100984E-015
   3.2199605700000005       -2.1707268357479368E-014
   3.2491190800000003        7.6102597500943911E-016
   3.2782775900000010       -4.1987194698846051E-014
   3.3074361000000008       -3.5163419403721248E-014
   3.3365946100000006       -1.2734358911386621E-014
   3.3657531200000008       -4.2782687819378315E-014
   3.3949116300000006       -1.1212594901194135E-014
   3.4240701400000004       -2.9884320277406919E-014
   3.4532286500000007       -8.8781581471898828E-015
   3.4823871600000009       -4.3933117201851446E-014
   3.5115456700000007       -5.8114799488452744E-014
   3.5407041800000005       -5.7263080056280064E-014
   3.5698626900000003       -4.3190867959460020E-014
   3.5990212000000010       -7.1409913340332863E-014
   3.6281797100000008       -1.6212015378582156E-014
   3.6573382200000006       -5.9201327422238693E-014
   3.6864967300000009       -6.1948475512244109E-014
   3.7156552400000007       -4.0978021642096712E-014
   3.7448137500000005       -3.1677505774956725E-014
   3.7739722600000007       -3.8289369018970830E-014
   3.8031307700000010       -3.2808060888707254E-014
   3.8322892800000008        1.7579179943462817E-014
   3.8614477900000006       -4.4887724578158308E-014
   3.8906063000000009       -3.3851958398287146E-014
   3.9197648100000007       -4.6459688500092234E-014
   3.9489233200000009       -2.2350125082428288E-014
   3.9780818300000007       -2.3515463759278003E-014
   4.0072403400000010        4.1031190794771103E-015
   4.0363988500000012       -7.7570998886587501E-015
   4.0655573600000006       -2.9107314945595797E-014
   4.0947158700000008       -6.4339427842674600E-014
   4.1238743800000011       -5.2506808427948580E-014
   4.1530328900000004       -4.6854265820125368E-014
   4.1821914000000007       -1.1095577781421764E-013
   4.2113499100000009       -7.2645230895632357E-014
   4.2405084200000012       -7.9129905082222490E-014
   4.2696669300000014       -7.5001798852499022E-014
   4.2988254400000008       -1.1413857955038983E-013
   4.3279839500000010       -6.2815076569840220E-014
   4.3571424600000022       -6.5590585261758970E-014
   4.3863009700000015       -6.8046514322270248E-014
   4.4154594800000018       -4.4014305424212288E-014
   4.4446179900000011        1.7780876677170054E-014
   4.4737765000000014        3.9586093576187099E-014
   4.5029350100000007       -6.5038599728773433E-014
   4.5320935200000010       -4.4226123686084151E-014
   4.5612520300000021       -3.1421433877212930E-014
   4.5904105400000015       -8.0020375817420596E-014
   4.6195690500000017       -5.0848039788598939E-014
   4.6487275600000011       -8.3072590198972134E-014
   4.6778860700000013       -4.9287692509516483E-014
   4.7070445800000016       -7.7129526143779094E-014
   4.7362030900000009       -4.2777144394760075E-014
   4.7653616000000012       -1.1747473238733599E-013
   4.7945201100000014       -1.0532896661381672E-013
   4.8236786200000017       -2.8885214795820868E-014
   4.8528371300000019       -2.2106128343990964E-014
   4.8819956400000013       -5.8344134024847207E-014
   4.9111541500000016       -4.4862838622524230E-014
   4.9403126600000009       -3.1859988153330659E-014
   4.9694711700000012       -2.4794976674153765E-014
   4.9986296800000014       -5.5929860101494940E-014
   5.0277881900000017        2.7057843944246647E-014
   5.0569467000000019       -5.8499339020231874E-014
   5.0861052100000013       -9.4546880547519834E-014
   5.1152637200000015       -9.5709825778806579E-014
   5.1444222300000009       -1.0454662333138728E-013
   5.1735807400000011       -2.1730647403736120E-014
   5.2027392500000023       -1.2080035461249498E-013
   5.2318977600000016       -6.4784669237872803E-014
   5.2610562700000019       -7.6152332873130945E-014
   5.2902147800000012       -6.2788204748625425E-014
   5.3193732900000015       -4.4608417908376652E-014
   5.3485318000000008       -1.1931362060176166E-013
   5.3776903100000011       -6.4938714824466328E-014
   5.4068488200000022       -9.1049218896297705E-014
   5.4360073300000016        2.9200970526602419E-014
   5.4651658400000018       -4.2533397331314250E-014
   5.4943243500000012       -2.8668065778216509E-014
   5.5234828600000014       -6.3494351142390941E-014
   5.5526413700000017       -3.6809054856088865E-014
   5.5817998800000010       -8.0341145217437660E-014
   5.6109583900000022       -3.4678057091160148E-014
   5.6401169000000015       -2.8703817691713948E-014
   5.6692754100000018       -7.9924385407445851E-014
   5.6984339200000020       -6.9978191794830991E-014
   5.7275924300000014       -6.3555176242208615E-014
   5.7567509400000016       -7.6319030622828891E-014
   5.7859094500000010       -6.3634553885816489E-014
   5.8150679600000021       -2.1686234178038907E-014
   5.8442264700000015        1.6252663680436717E-014
   5.8733849800000018       -1.1498069508376766E-014
   5.9025434900000020       -5.1412825127340718E-014
   5.9317020000000014       -6.7867334642372710E-014
   5.9608605100000016       -2.8065421719354435E-014
   5.9900190200000010       -2.6096494456654517E-014
   6.0191775300000021       -1.2260320914752565E-013
   6.0483360400000024       -7.0211095074985757E-014
   6.0774945500000017       -6.7185420467588510E-014
   6.1066530600000020       -2.5449244526747410E-014
   6.1358115700000013       -1.0016122246249974E-013
   6.1649700800000016       -5.9625087341208016E-014
   6.1941285900000009       -5.8976071772184990E-014
   6.2232871000000021       -6.9413476263839765E-014
   6.2524456100000023       -2.8229590213479189E-014
   6.2816041200000017       -3.3895934316410354E-014
   6.3107626300000019       -4.7738567697748448E-014
   6.3399211400000013       -2.9960234822958580E-014
   6.3690796500000015       -2.5009259033461747E-014
   6.3982381600000018       -7.9560186882554617E-014
   6.4273966700000020       -1.9995127708367142E-014
   6.4565551800000023       -3.7022999373329855E-014
   6.4857136900000016       -1.8836868969099719E-014
   6.5148722000000019       -2.1335471745646507E-014
   6.5440307100000021       -5.5538745946335087E-014
   6.5731892200000015       -2.4626821352586240E-014
   6.6023477300000017        1.5154866395775626E-014
   6.6315062400000020        2.2009642162347527E-014
   6.6606647500000022       -5.2736483607934306E-014
   6.6898232600000016       -4.3463989479444351E-014
   6.7189817700000019       -1.8748964737021885E-014
   6.7481402800000021        1.4848203520187212E-014
   6.7772987900000015       -5.1045196776090984E-014
   6.8064573000000017       -4.5974893654145205E-014
   6.8356158100000011        3.1420951310928149E-015
   6.8647743200000022       -4.4719368887859255E-014
   6.8939328300000025       -1.6938585577532642E-014
   6.9230913400000018        5.1899203631526899E-014
   6.9522498500000021       -1.2238435056099942E-013
   6.9814083600000014        4.2306051029634900E-014
   7.0105668700000017        3.8631580862217776E-014
   7.0397253800000010        1.7492254439644872E-014
   7.0688838900000022       -1.3811095580514538E-013
   7.0980424000000024       -2.8698103268109014E-014
   7.1272009100000018       -5.4653764583981615E-014
   7.1563594200000020        1.7938086089374442E-014
   7.1855179300000014       -8.8322656211794282E-014
   7.2146764400000016       -8.6987877936190500E-014
   7.2438349500000019       -1.4653971720891966E-014
   7.2729934600000021        5.0409821806369962E-015
   7.3021519700000024       -1.2908218896332859E-014
   7.3313104800000017        1.9887031240221275E-014
   7.3604689900000020        7.6519341163109561E-014
   7.3896275000000022       -4.5589660434803201E-014
   7.4187860100000016       -4.2283834360747564E-014
   7.4479445200000018       -3.7614434164131801E-014
   7.4771030300000021       -3.5543631811754187E-014
   7.5062615400000023        9.2975797141499944E-015
   7.5354200500000017       -6.3667094477577112E-014
   7.5645785600000019       -3.0614762104092439E-016
   7.5937370700000022        9.4456836365250574E-014
   7.6228955800000016       -3.5265726725654003E-014
   7.6520540900000018       -2.0491444942667384E-015
   7.6812126000000021       -7.2767599456874623E-014
   7.7103711100000023       -1.1276963430524916E-013
   7.7395296200000026       -4.2305801423397630E-014
   7.7686881300000019       -6.4677430520859906E-014
   7.7978466400000022        9.7066511675805374E-015
   7.8270051500000015        3.0900358080724040E-014
   7.8561636600000018        5.8812208875164548E-015
   7.8853221700000029        8.8768427871440533E-015
   7.9144806800000023        1.3468389917462575E-014
   7.9436391900000025       -2.0760570644958476E-014
   7.9727977000000019       -4.5711081733488104E-014
   8.0019562100000012       -6.5037410032535646E-014
   8.0311147200000015       -5.0181417649506501E-015
   8.0602732300000017       -1.3901251560349686E-013
   8.0894317400000020       -6.7497882795309792E-014
   8.1185902500000022       -7.5505523348487509E-015
   8.1477487600000025       -2.5230615043110051E-015
   8.1769072700000027       -7.9981900612201225E-014
   8.2060657800000012        1.0222687978681567E-013
   8.2352242900000014        3.2533143932708521E-014
   8.2643828000000017       -2.7035729188097720E-014
   8.2935413100000019       -3.6843826752057385E-014
   8.3226998200000022       -8.1492574796290491E-014
   8.3518583300000024       -1.8893557003592097E-013
   8.3810168400000027       -1.6216913268711514E-014
   8.4101753500000029       -1.2647475908774524E-013
   8.4393338600000014        1.2831520183102942E-014
   8.4684923700000017       -7.2958480969783082E-014
   8.4976508800000001       -3.6932190033059365E-014
   8.5268093900000022        2.5045406819754145E-014
   8.5559679000000024       -1.1910434741653816E-014
   8.5851264100000009        6.0448434706268170E-015
   8.6142849200000029       -1.5880383137669141E-015
   8.6434434300000014       -1.3338367813743488E-013
   8.6726019400000016        1.6873959604196190E-014
   8.7017604500000019        1.8001241699382599E-014
   8.7309189600000021        2.5387732425403051E-015
   8.7600774700000024        4.8897082219790078E-014
   8.7892359800000008       -4.2321934347788492E-014
   8.8183944900000011       -1.0663034824404830E-013
   8.8475530000000013       -9.1519785001567326E-014
   8.8767115100000016       -4.6595803640485361E-014
   8.9058700200000001       -5.0174733412653792E-014
   8.9350285300000003        1.7579357675549684E-014
   8.9641870400000006        4.2879522114327768E-014
   8.9933455500000008       -1.1154278014682975E-013
   9.0225040600000028       -1.0022896644607420E-015
   9.0516625700000013       -3.2215860657533249E-014
   9.0808210800000015        2.0260260539057754E-014
   9.1099795900000018       -6.8352975397027352E-014
   9.1391381000000020       -1.6980990469219571E-013
   9.1682966100000023       -2.4021636236789008E-014
   9.1974551200000008        2.1266511895488644E-014
   9.2266136300000010       -2.1653522829205686E-014
   9.2557721400000013        3.5967800006718595E-015
   9.2849306500000015       -6.6083217176837778E-014
   9.3140891600000018        3.5772088379371614E-014
   9.3432476700000002       -8.0609767585970886E-014
   9.3724061800000005       -9.5327692658786509E-014
   9.4015646900000007       -9.4689938104187684E-014
   9.4307232000000010        6.9480037380128755E-014
   9.4598817100000030        1.9229164526343337E-014
   9.4890402200000015        1.4859895272833220E-014
   9.5181987300000017       -2.8719429830789233E-014
   9.5473572400000020        2.4299901015102158E-014
   9.5765157500000022       -8.5846126605372009E-014
   9.6056742600000025       -3.8451178581290560E-014
   9.6348327700000009       -6.5914246610284316E-014
   9.6639912800000012        1.0901812194345503E-013
   9.6931497900000014       -4.2589112175690164E-015
   9.7223083000000017        8.0763330486676106E-014
   9.7514668100000002        6.7732419619262518E-014
   9.7806253200000004       -2.1432851896155736E-014
   9.8097838300000006        4.3569270640113952E-014
   9.8389423400000009        2.2597418324018597E-014
   9.8681008500000029        3.2278597175244537E-014
   9.8972593600000032       -1.0403850738287994E-013
   9.9264178700000016        6.0954529125141606E-014
   9.9555763800000019       -4.2388157726925631E-014
   9.9847348900000021       -2.1051099806396487E-013
   10.013893400000002        4.4229559964075257E-014
   10.043051910000001        5.6993827797886942E-014
   10.072210420000001        8.1996237678572704E-014
   10.101368930000001       -1.5527288471908457E-013
   10.130527440000002        1.6592132217400911E-014
   10.159685950000002        7.6976669562956553E-014
   10.188844460000000        1.4358835529516860E-013
   10.218002970000001        1.2764844049057992E-013
   10.247161480000001        1.4009639929331861E-013
   10.276319990000003        7.7626035861798385E-014
   10.305478500000003        1.1398059566039087E-013
   10.334637010000002       -4.8816558176824518E-014
   10.363795520000002       -4.1182498493207676E-014
   10.392954030000002       -4.2006019986541042E-014
   10.422112540000002        5.4388605731461064E-014
   10.451271050000003        6.4813421681213135E-014
   10.480429560000001        1.1062038622152294E-013
   10.509588070000001       -1.7185291272373374E-014
   10.538746580000002        1.0151062439878671E-013
   10.567905090000002        1.3262070344698782E-013
   10.597063600000002        1.5340450052643276E-013
   10.626222110000000        1.9892556838700934E-013
   10.655380620000001        6.6380825003060339E-014
   10.684539130000003        1.3029649230909702E-013
   10.713697640000003        2.1129331698934410E-013
   10.742856150000003        1.5065691527643783E-013
   10.772014660000002        7.3497043883185040E-014
   10.801173170000002        6.4930305616031385E-014
   10.830331680000002        5.0104226087419198E-014
   10.859490190000002        1.4336975850885141E-013
   10.888648700000001        1.1487551314450127E-013
   10.917807210000001        4.2876664952908327E-014
   10.946965720000001        6.3128261411503355E-014
   10.976124230000002        1.3958931903111190E-014
   11.005282740000002        1.6916392011592917E-013
   11.034441250000000        7.6686594427955129E-014
   11.063599760000001        1.3506795732343689E-013
   11.092758270000003        1.9145072108218365E-013
   11.121916780000003        6.0499099278570591E-016
   11.151075290000003        1.2897380297311419E-013
   11.180233800000002        2.2261526163776683E-013
   11.209392310000002        1.1560420766624104E-013
   11.238550820000002        1.0423848364790906E-013
   11.267709330000002        9.7658204967366098E-014
   11.296867840000003       -4.4824507715266249E-014
   11.326026350000001       -6.9108794118297511E-015
   11.355184860000001        1.6937675851315344E-013
   11.384343370000002       -1.1929296922756987E-013
   11.413501880000002        9.3689023730925984E-014
   11.442660390000002        1.4259376142053264E-013
   11.471818900000001        1.3002712739741522E-013
   11.500977410000001        2.0821215656230139E-013
   11.530135920000003        3.4697467298797175E-014
   11.559294430000003        1.9040747594186188E-013
   11.588452940000003        1.6523007184725170E-013
   11.617611450000002       -1.7027786823734526E-014
   11.646769960000002        2.8465568004135009E-013
   11.675928470000002        1.7889608333554443E-013
   11.705086980000003        7.9309075052150560E-014
   11.734245490000001        2.7831341751257648E-013
   11.763404000000001        2.0202660974936472E-013
   11.792562510000002        1.2818468787275422E-013
   11.821721020000002        1.8595635494300343E-013
   11.850879530000002        2.4619724987741084E-013
   11.880038040000001        1.9150013445871411E-013
   11.909196550000001        2.5041859160297043E-013
   11.938355060000003        1.0259436981868739E-013
   11.967513570000003        1.7127095104670998E-013
   11.996672080000003        8.4096989566827088E-014
   12.025830590000002        2.0713882628024781E-013
   12.054989100000002        9.7758876878782773E-014
   12.084147610000002       -4.1072535722564467E-014
   12.113306120000003       -9.8640312675238837E-014
   12.142464630000003       -3.9631957590124590E-014
   12.171623140000001        8.5261997875912446E-014
   12.200781650000001        2.5068421000259043E-013
   12.229940160000002        1.8916570345543009E-013
   12.259098670000002        1.9572510574058236E-015
   12.288257180000002        1.0326724381223994E-013
   12.317415690000001        1.0661485478814934E-013
   12.346574200000003        2.0801987204070444E-013
   12.375732710000003        1.3502299703427577E-013
   12.404891220000003       -5.1486255013111773E-014
   12.434049730000003        4.4085827588885661E-014
   12.463208240000002        2.3909636774523328E-014
   12.492366750000002        9.1419604226731674E-014
   12.521525260000002        2.1416396588995328E-014
   12.550683770000003        2.7635045134405372E-014
   12.579842280000001       -9.0146572311007830E-014
   12.609000790000001       -8.8603628463619776E-014
   12.638159300000002        3.4825672033913053E-014
   12.667317810000002        1.2883718995138264E-013
   12.696476320000002        6.9079995800238465E-014
   12.725634830000001        2.7013526794768252E-014
   12.754793340000003        2.8266242506168551E-013
   12.783951850000003        2.4934635097756830E-013
   12.813110360000003        7.3219736542981165E-014
   12.842268870000003       -9.6917441438955408E-014
   12.871427380000002        2.5677332192018315E-013
   12.900585890000002        5.9403985577101520E-014
   12.929744400000002       -9.2188735257775494E-015
   12.958902910000003        2.2107164993608134E-013
   12.988061420000003       -1.8805811586898279E-013
   13.017219930000001        1.7550102400416226E-013
   13.046378440000002       -1.4271287638905183E-013
   13.075536950000002       -5.9844855361500234E-014
   13.104695460000002        3.5209420088918943E-014
   13.133853970000002       -2.9146036202457174E-013
   13.163012480000003        1.6682886811815196E-013
   13.192170990000003       -5.9345157184498424E-014
   13.221329500000003        2.0509164615128230E-013
   13.250488010000003        2.1029763581038828E-013
   13.279646520000004        2.0024915799787279E-013
   13.308805030000002        1.2323053312810593E-013
   13.337963540000002        1.9577649760908591E-013
   13.367122050000003       -6.7002962333927549E-014
   13.396280560000003       -4.4859279405844457E-013
   13.425439070000001       -2.0893358198681471E-014
   13.454597580000001        1.4947004679541282E-013
   13.483756090000002       -5.5570552932232328E-014
   13.512914600000002       -9.8852128147550814E-014
   13.542073110000002       -1.7396434099172543E-013
   13.571231620000001        4.4041036453731661E-014
   13.600390130000003       -7.8428944479512308E-014
   13.629548640000003        7.4755655951818043E-014
   13.658707150000003        1.0318368652783853E-013
   13.687865660000003        1.0401277984437940E-013
   13.717024170000002       -1.6185536091541553E-013
   13.746182680000002        2.1074610138063181E-014
   13.775341190000002        2.3252664467727174E-013
   13.804499700000003        1.1621899850313056E-013
   13.833658210000003        3.6864269265973644E-014
   13.862816720000001        1.2975429763067383E-013
   13.891975230000002        2.2461712355834290E-013
   13.921133740000002        8.5095878889315572E-014
   13.950292250000002        1.8103106289348664E-013
   13.979450760000002       -4.9258182878476655E-014
   14.008609270000003       -2.7426389343658339E-014
   14.037767780000003       -6.6512828805274104E-014
   14.066926290000003       -5.3695625631528094E-014
   14.096084800000003       -4.1593710868993203E-016
   14.125243310000004       -7.7176706104263672E-015
   14.154401820000002        1.3922932463700955E-013
   14.183560330000002        2.2197271382732288E-013
   14.212718840000003        1.1149707504085641E-013
   14.241877350000003        2.3878686812017219E-013
   14.271035860000001        9.2381521785832276E-014
   14.300194370000002       -5.9603256340244986E-014
   14.329352880000002        3.1698685348597839E-014
   14.358511390000002        1.2766045998356658E-013
   14.387669900000002        2.8264019827280943E-014
   14.416828410000003        5.7358713033938203E-014
   14.445986920000003        1.4686281643421188E-013
   14.475145430000003        2.3676346187775674E-014
   14.504303940000003       -3.1019104548482795E-014
   14.533462450000004       -1.3889018064209915E-013
   14.562620960000002       -1.9051823367673710E-013
   14.591779470000002       -2.1031531189582284E-013
   14.620937980000003       -1.3591469538144607E-013
   14.650096490000003        1.8272219588886329E-013
   14.679255000000003       -3.1977692325153192E-014
   14.708413510000002        1.5750278288985653E-013
   14.737572020000002        1.0358359947416682E-013
   14.766730530000002       -1.4072384650449532E-014
   14.795889040000002        3.4640180859491567E-013
   14.825047550000004        1.7930456161247290E-013
   14.854206060000003        3.9227321815851406E-014
   14.883364570000003        2.3617887914728025E-013
   14.912523080000003        2.4014929351053327E-013
   14.941681590000004        2.0624821941066860E-013
   14.970840100000004        4.0376055160453044E-015
   14.999998610000002        1.8715359236467151E-013
   15.029157120000002        8.9472454965506813E-014
   15.058315630000003       -7.8161021688624910E-014
   15.087474140000003        2.1190126906148975E-013
   15.116632650000001        5.3165335396695338E-014
   15.145791160000002       -7.8057902214827294E-014
   15.174949670000002       -8.0021980197964334E-014
   15.204108180000002        2.8038057987748133E-013
   15.233266690000002        4.5200021862842473E-014
   15.262425200000003        5.3203532019430261E-014
   15.291583710000003        5.1273325237198666E-014
   15.320742220000003        1.4845684698150847E-013
   15.349900730000003        2.4263096548840640E-013
   15.379059240000004        1.8160431591000450E-014
   15.408217750000002       -1.1420647082083455E-013
   15.437376260000002        5.4957620252228236E-015
   15.466534770000003       -1.9527844121296344E-013
   15.495693280000003       -8.8910201571319149E-014
   15.524851790000003        2.4518983526647702E-014
   15.554010300000002        1.7644119007226383E-014
   15.583168810000002       -1.3911543219870299E-013
   15.612327320000002       -2.9731151708129543E-013
   15.641485830000002        3.5815349006979586E-014
   15.670644340000004       -2.0133272651330799E-013
   15.699802850000003        1.6784377883952396E-013
   15.728961360000003        4.4780632133958912E-014
   15.758119870000003        3.6784685059162067E-014
   15.787278380000004       -1.1653583226569852E-013
   15.816436890000004        2.0389455980741362E-013
   15.845595400000002        2.7377471272309304E-013
   15.874753910000003        3.4411217567433565E-013
   15.903912420000003        3.7807127233171881E-013
   15.933070930000003        3.1083206988084393E-013
   15.962229440000002        3.8081586536300283E-013
   15.991387950000002        1.2117427960491012E-013
   16.020546460000002        5.0256141615029513E-015
   16.049704970000001        2.2143975287478753E-013
   16.078863480000003        4.4868205660755363E-014
   16.108021990000005       -4.2637743789805233E-014
   16.137180500000003        1.6269708749493452E-013
   16.166339010000005       -1.4347809029259562E-013
   16.195497520000004        5.6783987666841914E-014
   16.224656030000002        1.0044701077101763E-013
   16.253814540000004        4.9443549332073680E-014
   16.282973050000003        2.9936964771773979E-013
   16.312131560000005        1.5600719218376406E-013
   16.341290070000003       -1.8137193787310001E-014
   16.370448580000001        1.3300127137369938E-013
   16.399607090000003        2.4402497648672790E-013
   16.428765600000002        2.3187812425815990E-013
   16.457924110000000       -1.4998343796277658E-013
   16.487082620000002        1.7399789089874575E-013
   16.516241130000004        1.2084499997574166E-013
   16.545399640000003        6.3931282145285404E-014
   16.574558150000005        8.8394949920789613E-014
   16.603716660000003       -2.4357897411954426E-013
   16.632875170000002        1.4535595071285072E-013
   16.662033680000004        1.7109515794915654E-013
   16.691192190000002        1.1382417931280009E-013
   16.720350700000004       -1.5974655655666091E-013
   16.749509210000003        5.5103077492951722E-014
   16.778667720000001        2.6480401661428023E-013
   16.807826230000003        2.7326635137173876E-013
   16.836984740000002        3.1784234763681575E-013
   16.866143250000004       -5.4538628754653512E-014
   16.895301760000002        1.1891722145624514E-013
   16.924460270000004        1.6315689568393841E-013
   16.953618780000003        3.9830860594609216E-013
   16.982777290000005        2.5858735593471272E-013
   17.011935800000003        2.8063985073256720E-013
   17.041094310000002        3.4332275282870472E-013
   17.070252820000004        1.1129616515792663E-013
   17.099411330000002       -8.0164806361761011E-014
   17.128569840000008       -4.1748772397068350E-015
   17.157728350000006       -2.1743336656603928E-013
   17.186886860000005        2.5388282411723727E-013
   17.216045370000007        1.2845842578568329E-013
   17.245203880000005        8.6684678936324372E-014
   17.274362390000007        7.9752794024245864E-014
   17.303520900000006       -2.6720188580387266E-013
   17.332679410000004        1.9809851917551315E-013
   17.361837920000006        3.0694041898771329E-013
   17.390996430000005        1.3927618020731168E-013
   17.420154940000007       -1.1250629536407230E-013
   17.449313450000005        2.3659815651871235E-013
   17.478471960000004        6.9387337832165356E-014
   17.507630470000006        1.1658984955199827E-013
   17.536788980000004        3.3282014145448724E-013
   17.565947490000006        3.2465160496565418E-013
   17.595106000000005       -5.8420841238736872E-013
   17.624264510000003        2.9180224451909411E-013
   17.653423020000005       -2.4687666545311385E-013
   17.682581530000004        1.1255713937572267E-013
   17.711740040000006        8.6155794849926561E-014
   17.740898550000004       -2.5874654418573441E-013
   17.770057060000003       -3.1282663556171191E-014
   17.799215570000005       -5.7201245718036501E-014
   17.828374080000003       -2.2450066379086639E-013
   17.857532590000005        4.3899216658756698E-014
   17.886691100000004       -1.2652301380308414E-013
   17.915849610000002        2.5379232182238967E-013
   17.945008120000008        3.0085746427692770E-014
   17.974166630000006        3.6656211830853477E-013
   18.003325140000008       -5.6108878053103043E-014
   18.032483650000007       -2.8777034173302528E-013
   18.061642160000005        4.1148922022102298E-013
   18.090800670000007        1.9979599485982243E-013
   18.119959180000006        2.9319577141172265E-013
   18.149117690000008       -7.9627940812287729E-014
   18.178276200000006       -1.2178007742299688E-013
   18.207434710000005        1.8826975054001136E-013
   18.236593220000007        2.9879959493140846E-013
   18.265751730000005        5.8742448604964780E-014
   18.294910240000007       -2.6346869447466579E-013
   18.324068750000006        9.8214899984741947E-014
   18.353227260000004       -3.4114646831541652E-014
   18.382385770000006       -8.6978776644298956E-014
   18.411544280000005        6.3494587460367426E-014
   18.440702790000003       -7.5397768356589545E-013
   18.469861300000005       -9.4015615312811442E-015
   18.499019810000004       -2.8291650713185008E-013
   18.528178320000006        3.7107719288157124E-014
   18.557336830000004       -3.0259916362468950E-014
   18.586495340000003        1.7076262588885457E-014
   18.615653850000005       -5.2028515601354784E-015
   18.644812360000003       -1.6753022280658505E-013
   18.673970870000005       -2.8256096047380510E-013
   18.703129380000004       -7.0457591315959185E-014
   18.732287890000002       -9.8717481627065458E-014
   18.761446400000004        9.2853759843614341E-014
   18.790604910000006       -1.6877420058605102E-013
   18.819763420000008       -1.8289428719789898E-013
   18.848921930000007        3.0848403557730967E-013
   18.878080440000005        8.2809094062389736E-014
   18.907238950000007        3.5261441053972662E-013
   18.936397460000006       -9.2944043579743652E-014
   18.965555970000008        1.9465713087251005E-013
   18.994714480000006        3.3841010599634669E-013
   19.023872990000005       -1.7266577949286446E-013
   19.053031500000007        2.2352007035324342E-013
   19.082190010000005        1.2708175816853922E-014
   19.111348520000007        4.2067343209521428E-013
   19.140507030000006        3.1058756896034152E-013
   19.169665540000004        1.0758229352812395E-013
   19.198824050000006        1.0631909635106227E-013
   19.227982560000004       -1.8181282502211597E-013
   19.257141070000007        3.8931607245723196E-013
   19.286299580000005        2.8429870996904823E-013
   19.315458090000003       -4.4445397961478708E-013
   19.344616600000005        7.4928595975101293E-014
   19.373775110000004        2.7064821096621362E-013
   19.402933620000006       -1.1499574721638039E-013
   19.432092130000004       -2.5907271147312209E-013
   19.461250640000003        2.7282490070824431E-013
   19.490409150000005        1.4670187137003925E-013
   19.519567660000003        2.3745704738999358E-013
   19.548726170000005        3.9821381700975190E-013
   19.577884680000004        1.8509621560430938E-013
   19.607043190000006       -1.8314982477660714E-013
   19.636201700000008       -6.0579965978434859E-013
   19.665360210000006       -4.5965907942194371E-014
   19.694518720000008       -2.1910966788653456E-013
   19.723677230000007        3.1038194367112183E-013
   19.752835740000005       -8.3077548088548839E-014
   19.781994250000007       -9.1734390403952063E-014
   19.811152760000006       -4.0536300699417875E-014
   19.840311270000008       -8.8468651732009048E-014
   19.869469780000006       -1.0904140440099756E-013
   19.898628290000005       -2.0978323152741584E-013
   19.927786800000007       -2.1980522261694570E-014
   19.956945310000005       -7.8373520847995631E-014
   19.986103820000007       -2.2645308592318466E-014
   20.015262330000006        2.9019421939807638E-013
   20.044420840000004        1.6554406013499641E-013
   20.073579350000006        5.1385869192628036E-013
   20.102737860000005        2.2378423442396373E-013
   20.131896370000003        1.2095114722601388E-013
   20.161054880000005        4.3673836078111675E-013
   20.190213390000004        5.6064462854896030E-014
   20.219371900000006        1.3698193485790982E-015
   20.248530410000004       -4.2544440777100559E-013
   20.277688920000003        5.1930670896188887E-013
   20.306847430000005        2.5306479197036663E-013
   20.336005940000003        3.3415899192426733E-013
   20.365164450000005        1.5877702083704146E-013
   20.394322960000004        8.5384886867617044E-014
   20.423481470000009       -5.3549268616102563E-013
   20.452639980000008       -3.2478272230784670E-013
   20.481798490000006        3.6908216570845768E-014
   20.510957000000008        2.1884716424710234E-013
   20.540115510000007        3.3372381844808539E-013
   20.569274020000005        1.3660554581438433E-013
   20.598432530000007       -5.3794765782099355E-014
   20.627591040000006       -1.4378031666554027E-013
   20.656749550000008       -7.7974097623158156E-014
   20.685908060000006       -4.3734386368628973E-013
   20.715066570000005       -4.0035696080417217E-014
   20.744225080000007        9.7634911546300858E-014
   20.773383590000005       -7.1831420977099586E-013
   20.802542100000007        7.7443702482532091E-014
   20.831700610000006        3.0286516598225608E-013
   20.860859120000004       -2.2693654076897392E-013
   20.890017630000006        7.4619793712278700E-014
   20.919176140000005        1.2495793195613734E-013
   20.948334650000007       -1.3333103150052896E-013
   20.977493160000005        8.6993026871985982E-015
   21.006651670000004        2.7641286466734944E-013
   21.035810180000006        1.7724811712641973E-013
   21.064968690000004        3.3619373292491087E-013
   21.094127200000006        4.7987777770574171E-013
   21.123285710000005        2.7055948614747666E-013
   21.152444220000003       -1.2073248979489253E-013
   21.181602730000005        3.9756879230332397E-013
   21.210761240000004       -4.3033300216152350E-014
   21.239919750000006        1.2353878761915889E-013
   21.269078260000008       -1.2409167812623006E-013
   21.298236770000006       -1.2232091277106937E-013
   21.327395280000008        4.1154674202197607E-013
   21.356553790000007       -3.2837587830996979E-013
   21.385712300000009       -1.5117531094508507E-013
   21.414870810000007        2.6955329307851532E-013
   21.444029320000006       -1.8538685084234704E-013
   21.473187830000008        3.5104194417141560E-013
   21.502346340000006       -1.3928578474036535E-013
   21.531504850000008        9.5050961674705519E-014
   21.560663360000007       -4.3283694025824774E-013
   21.589821870000005        3.1125076853441021E-014
   21.618980380000007        2.0578007908889887E-013
   21.648138890000006       -2.3400722520065031E-013
   21.677297400000008        4.4393674628819398E-013
   21.706455910000006        4.5611201222691752E-013
   21.735614420000005        1.9244278459876304E-013
   21.764772930000007       -9.8680423883693354E-014
   21.793931440000005       -2.6207549284696808E-013
   21.823089950000007        3.5468649505174613E-013
   21.852248460000006       -2.5483378266470341E-013
   21.881406970000004       -5.7501943738761695E-015
   21.910565480000006       -1.6848113228763957E-013
   21.939723990000005       -3.4517601444244153E-013
   21.968882500000003       -2.5097309637434576E-013
   21.998041010000005       -9.4510341867819231E-014
   22.027199520000003       -5.2654079513230842E-013
   22.056358030000005        6.2491271550227514E-014
   22.085516540000008        1.6481723536039291E-013
   22.114675050000010       -1.4561795800318318E-013
   22.143833560000008       -2.5843082556955234E-013
   22.172992070000006        3.0891749513023954E-013
   22.202150580000009        3.3682262513316257E-013
   22.231309090000007        2.1597768892072732E-014
   22.260467600000005        3.6483149662003024E-013
   22.289626110000007        4.6423918216915506E-013
   22.318784620000006        1.8372177538001085E-013
   22.347943130000008        5.5319887054090091E-013
   22.377101640000006       -4.8367955647411716E-014
   22.406260150000005       -1.4314542243204754E-013
   22.435418660000007        7.2986556419828519E-014
   22.464577170000005       -1.6813284802003298E-013
   22.493735680000007       -5.9111073543528471E-013
   22.522894190000006       -2.2899026821399986E-013
   22.552052700000004       -3.0985594846210305E-014
   22.581211210000006       -8.0225436219906310E-013
   22.610369720000005        7.4680803524159062E-014
   22.639528230000007       -8.2326714725119606E-014
   22.668686740000005       -5.6497685321037957E-014
   22.697845250000004       -4.6877202631922099E-013
   22.727003760000006       -1.4741643072572708E-013
   22.756162270000004        1.0127541253403517E-013
   22.785320780000006        1.6272569874865784E-013
   22.814479290000005        3.2266888982941022E-013
   22.843637800000003       -3.9644193920531390E-013
   22.872796310000005       -6.0027911073685593E-014
   22.901954820000004        1.6343641170593490E-014
   22.931113330000009       -1.8894472916955799E-013
   22.960271840000008        3.3267176933276732E-013
   22.989430350000006       -4.8213160811197084E-013
   23.018588860000008       -3.3982976409384566E-013
   23.047747370000007        1.6483427805072493E-014
   23.076905880000009       -1.1412357044063319E-014
   23.106064390000007       -1.7002718567186557E-013
   23.135222900000006       -1.5193503469433619E-013
   23.164381410000008       -7.4547780345361200E-014
   23.193539920000006        1.9466507092392991E-013
   23.222698430000008        4.2730026454022059E-013
   23.251856940000007        1.4600494425064878E-013
   23.281015450000005       -4.8515075354449917E-014
   23.310173960000007        1.2942926161180350E-013
   23.339332470000006       -4.5158403277199737E-013
   23.368490980000008        2.8153493025897143E-014
   23.397649490000006        8.6950819694855666E-014
   23.426808000000005        4.5095416036511327E-013
   23.455966510000007        1.2135186602307956E-013
   23.485125020000005        3.5191161862640964E-013
   23.514283530000007       -7.3201486170951211E-014
   23.543442040000006       -6.4840316716359860E-013
   23.572600550000004       -3.8830299764529143E-013
   23.601759060000006        3.1942609036137839E-013
   23.630917570000005        1.1611760990963113E-013
   23.660076080000003        2.7559865372725280E-013
   23.689234590000005        1.3198144600391865E-013
   23.718393100000004       -1.2105127732256648E-013
   23.747551610000009        1.3775579296244616E-013
   23.776710120000008       -1.9011392010062541E-015
   23.805868630000010        4.8102674917753813E-014
   23.835027140000008        4.8173232404838743E-014
   23.864185650000007        2.1752305855247961E-013
   23.893344160000009       -4.8055219415819522E-013
   23.922502670000007       -1.8754206169384260E-013
   23.951661180000006       -7.3444406098811584E-014
   23.980819690000008        7.6203570859735833E-015
   24.009978200000006       -2.1827623282265975E-013
   24.039136710000008       -7.1631481973466508E-013
   24.068295220000007        1.1238200225681809E-013
   24.097453730000005       -1.5605128912498577E-013
   24.126612240000007       -4.2875595696058209E-013
   24.155770750000006       -3.1188160798173144E-013
   24.184929260000008        5.1918410616367783E-013
   24.214087770000006        1.0217474410494656E-013
   24.243246280000005       -6.3956855457039184E-013
   24.272404790000007        2.7766226711731516E-013
   24.301563300000005       -2.2717209000464880E-013
   24.330721810000007        3.2066251832148047E-013
   24.359880320000006        1.0922077193985380E-013
   24.389038830000004        5.3563749612277495E-013
   24.418197340000006        1.1637981348302209E-014
   24.447355850000005        2.1615959555850354E-013
   24.476514360000007        4.0525958142817568E-013
   24.505672870000005        1.4952705611651758E-013
   24.534831380000004        2.1413016383646627E-013
   24.563989890000006       -1.2775734628407438E-013
   24.593148400000008       -4.8000127505069551E-013
   24.622306910000010       -3.7580428510284403E-014
   24.651465420000008        2.4342828933593618E-013
   24.680623930000007        2.2449528131349142E-013
   24.709782440000009        4.3497316620389640E-013
   24.738940950000007        9.9285014618713037E-014
   24.768099460000009       -1.8654670913521180E-013
   24.797257970000008       -2.0158181023689791E-013
   24.826416480000006        8.2284651647678677E-014
   24.855574990000008        1.0792843888320075E-013
   24.884733500000007       -4.4982387872222761E-015
   24.913892010000009        2.6390549383391845E-013
   24.943050520000007       -9.3352960265092124E-014
   24.972209030000005        3.2762702813446773E-013
   25.001367540000007       -7.5145674608803342E-013
   25.030526050000006        2.9831975027560931E-013
   25.059684560000008        8.7785696814084855E-014
   25.088843070000006       -1.6818173315031898E-013
   25.118001580000005       -5.0071977044967650E-013
   25.147160090000007        6.4159629656723837E-015
   25.176318600000005       -5.8444100962478583E-014
   25.205477110000007       -5.4139884064787230E-013
   25.234635620000006        1.5291825234797228E-013
   25.263794130000004        1.9749239581567577E-013
   25.292952640000006       -3.4673989735670910E-013
   25.322111150000005        7.0673002001657343E-013
   25.351269660000003        3.7601090276385513E-013
   25.380428170000005        2.2898778130250547E-013
   25.409586680000007        1.3162163697110505E-013
   25.438745190000009        6.6666537119942364E-013
   25.467903700000008        8.7097935262758881E-013
   25.497062210000010        1.1654007127330294E-013
   25.526220720000008        3.6094149528336655E-013
   25.555379230000007        5.2572447160310210E-014
   25.584537740000009        6.3398834787111707E-013
   25.613696250000007        6.8260895595345813E-013
   25.642854760000006        1.6550433897542766E-013
   25.672013270000008       -8.2249861363479344E-013
   25.701171780000006       -8.1407480121323087E-014
   25.730330290000008       -4.0272990865371950E-014
   25.759488800000007        1.0965349894011923E-014
   25.788647310000005        7.0564157678168190E-014
   25.817805820000007       -3.7786051659094664E-013
   25.846964330000006       -7.1655883503197685E-013
   25.876122840000008        2.8899928883855011E-013
   25.905281350000006       -1.4837075577269476E-013
   25.934439860000005        1.4408963343149801E-013
   25.963598370000007        7.4581427924345722E-013
   25.992756880000005        3.5678516873663771E-013
   26.021915390000007        7.3981728199477428E-013
   26.051073900000006        1.0033442613701161E-013
   26.080232410000004       -3.1854406882656227E-013
   26.109390920000006       -7.2417489008566562E-014
   26.138549430000005       -3.0309265030358991E-013
   26.167707940000007        2.0866133199814889E-013
   26.196866450000005       -6.5779688447365775E-013
   26.226024960000007        1.9867235565635478E-013
   26.255183470000009       -1.6113555419374264E-013
   26.284341980000008        4.9607589835972377E-013
   26.313500490000010       -2.9704016597267517E-013
   26.342659000000008        8.2615103242327649E-013
   26.371817510000007        3.8065723451441677E-013
   26.400976020000009        1.1452118402430525E-012
   26.430134530000007        1.1378158701924171E-012
   26.459293040000009        4.1388676953328240E-013
   26.488451550000008        8.0935243638790754E-013
   26.517610060000006        5.8420619587620831E-013
   26.546768570000008        3.6655097120549508E-013
   26.575927080000007        4.0897797197736383E-013
   26.605085590000009        2.2978660595487850E-014
   26.634244100000007        4.1933952738882126E-013
   26.663402610000006        1.8932002318788415E-013
   26.692561120000008        1.5267035191800272E-014
   26.721719630000006        2.7180573035436725E-013
   26.750878140000008        1.3468640306933464E-013
   26.780036650000007        2.4341219606038843E-013
   26.809195160000005        2.7980191307131359E-013
   26.838353670000007        5.4209085261689154E-013
   26.867512180000006        9.4243834309249908E-013
   26.896670690000008        7.6278162201245146E-013
   26.925829200000006        1.2013810931159381E-013
   26.954987710000005        5.4271179640942216E-013
   26.984146220000007       -5.8708863820397220E-013
   27.013304730000005        3.9837805687855549E-013
   27.042463240000004        1.1659957387304167E-012
   27.071621750000009        6.6821779123349634E-013
   27.100780260000008        1.0957210814956318E-012
   27.129938770000010       -4.4781306252872836E-013
   27.159097280000008        2.0467368615203127E-013
   27.188255790000010       -2.8141371546722679E-015
   27.217414300000009        2.1563028757240850E-013
   27.246572810000007        7.4281694685136044E-013
   27.275731320000009        4.8638702212850350E-013
   27.304889830000008        4.4667685295138857E-013
   27.334048340000006        6.7443917458233622E-013
   27.363206850000008       -1.4418944715670405E-013
   27.392365360000007        8.7533688566097899E-013
   27.421523870000009        9.3185966640595113E-013
   27.450682380000007        1.0245695035623798E-012
   27.479840890000006        1.0671638305436599E-012
   27.508999400000008        9.2446627917060897E-013
   27.538157910000006        8.2745082810054309E-013
   27.567316420000008        1.1205103942725635E-012
   27.596474930000007        9.9140935119928157E-013
   27.625633440000005        8.2578070630553432E-015
   27.654791950000007        5.8007603654863034E-013
   27.683950460000005        1.2243699184535566E-012
   27.713108970000008        9.9447150152116632E-013
   27.742267480000006        8.0449047534856586E-013
   27.771425990000004        7.9486776654902441E-013
   27.800584500000006        3.7360907488174819E-013
   27.829743010000005       -4.4762720071122445E-013
   27.858901520000007       -1.2672175028132969E-012
   27.888060030000009        4.8508700394221496E-013
   27.917218540000007       -4.0848586341654590E-013
   27.946377050000009       -2.5721077999108772E-013
   27.975535560000008        5.3582283501316182E-013
   28.004694070000010        3.6073227056141226E-013
   28.033852580000008        1.4426332474863871E-013
   28.063011090000007        1.2747941156701107E-013
   28.092169600000009        8.6021166804906428E-013
   28.121328110000007        8.4359251922818863E-013
   28.150486620000009        4.1541838084615495E-013
   28.179645130000008       -3.9985366026626681E-013
   28.208803640000006        1.0592908501464724E-014
   28.237962150000008        3.2057401235205045E-013
   28.267120660000007       -8.8759755858572124E-013
   28.296279170000009        2.5340034489274376E-013
   28.325437680000007       -1.0641984647994809E-013
   28.354596190000006        4.2667648459655535E-013
   28.383754700000008       -4.3318880042184728E-013
   28.412913210000006        1.2814506898982583E-013
   28.442071720000008        6.9043916720376130E-013
   28.471230230000007        4.2482794518406743E-013
   28.500388740000005        3.9538144966559856E-013
   28.529547250000007        8.0286606539247151E-013
   28.558705760000006        4.1548662140047010E-013
   28.587864270000008       -3.5169205026306587E-014
   28.617022780000006        1.6898123809278836E-013
   28.646181290000005        1.0795335814666395E-012
   28.675339800000007        4.7004391522906728E-013
   28.704498310000005        5.1264054769326614E-013
   28.733656820000011        2.6780383926294577E-013
   28.762815330000009        1.3623515902181300E-013
   28.791973840000008       -6.0397214230889378E-013
   28.821132350000010       -4.2456337593039279E-013
   28.850290860000008       -8.9150461113362993E-013
   28.879449370000010       -8.3006955494603293E-013
   28.908607880000009       -4.6297267926712168E-013
   28.937766390000007       -6.1761158374372067E-013
   28.966924900000009        2.9189917328431329E-013
   28.996083410000008        1.5226485591883432E-013
   29.025241920000010        2.9766338626166463E-013
   29.054400430000008       -6.3412073653277138E-014
   29.083558940000007        2.2470383094096038E-013
   29.112717450000009        5.7231643245802588E-013
   29.141875960000007        9.9312573851748889E-015
   29.171034470000006        8.1879938952797727E-015
   29.200192980000008        6.7790483985798197E-013
   29.229351490000006        5.8054409297213085E-013
   29.258510000000008        1.1997522575847480E-013
   29.287668510000007        6.0558008042475252E-014
   29.316827020000005        1.1615349596870513E-013
   29.345985530000007       -1.4887010184228254E-013
   29.375144040000006        3.3880197513255616E-013
   29.404302550000008        1.7809059592005910E-013
   29.433461060000006       -9.3914033998731692E-013
   29.462619570000005        4.5764128808215431E-014
   29.491778080000007       -8.4840805170316509E-013
   29.520936590000005       -8.0070446625454166E-013
   29.550095100000011       -3.6140082499866525E-013
   29.579253610000009        2.9364255067868049E-013
   29.608412120000008        4.0445033030028589E-013
   29.637570630000010        7.1160387225843046E-013
   29.666729140000008       -8.5941552219345926E-014
   29.695887650000010        2.9514154718235750E-013
   29.725046160000009        2.9785420971161545E-013
   29.754204670000007        2.8866258287346835E-013
   29.783363180000009       -7.2325417088351161E-013
   29.812521690000008        4.9513228970055109E-013
   29.841680200000010       -1.9908110994114359E-014
   29.870838710000008        1.4812113358968940E-013
   29.899997220000007        2.0821003574766003E-013
   29.929155730000009       -6.4768790566634001E-013
