  0.18897266700000001        1.0000000000000000     
  0.24407428500000000        1.0000000000000000     
  0.29917590299999997        1.0000000000000000     
  0.35427752099999998        1.0000000000000000     
  0.40937913900000000        1.0000000000000000     
  0.46448075700000002        1.0000000000000000     
  0.51958237499999993        1.0000000000000000     
  0.57468399299999995        1.0000000000000000     
  0.62978561099999997        1.0000000000000000     
  0.68488722899999999        1.0000000000000000     
  0.73998884700000001        1.0000000000000000     
  0.79509046499999991        1.0000000000000000     
  0.85019208299999993        1.0000000000000000     
  0.90529370099999995        1.0000000000000000     
  0.96039531899999986        1.0000000000000000     
   1.0154969369999998        1.0000000000000000     
   1.0705985549999999        1.0000000000000000     
   1.1257001729999998        1.0000000000000000     
   1.1808017909999999        1.0000000000000000     
   1.2359034089999998        1.0000000000000000     
   1.2910050270000000        1.0000000000000000     
   1.3461066449999999        1.0000000000000000     
   1.4012082629999998        1.0000000000000000     
   1.4563098809999999        1.0000000000000000     
   1.5114114989999998        1.0000000000000000     
   1.5665131169999997        1.0000000000000000     
   1.6216147349999999        1.0000000000000000     
   1.6767163529999998        1.0000000000000000     
   1.7318179709999997        1.0000000000000000     
   1.7869195889999998        1.0000000000000000     
   1.8420212069999997        1.0000000000000000     
   1.8971228249999998        1.0000000000000000     
   1.9522244429999998        1.0000000000000000     
   2.0073260609999997        1.0000000000000000     
   2.0624276789999998        1.0000000000000000     
   2.1175292969999995        1.0000000000000000     
   2.1726309149999996        1.0000000000000000     
   2.2277325329999993        1.0000000000000000     
   2.2828341509999994        1.0000000000000000     
   2.3379357689999996        1.0000000000000000     
   2.3930373869999997        1.0000000000000000     
   2.4481390049999994        1.0000000000000000     
   2.5032406229999995        1.0000000000000000     
   2.5583422409999996        1.0000000000000000     
   2.6134438589999993        1.0000000000000000     
   2.6685454769999994        1.0000000000000000     
   2.7236470949999996        1.0000000000000000     
   2.7787487129999993        1.0000000000000000     
   2.8338503309999994        1.0000000000000000     
   2.8889519489999995        1.0000000000000000     
   2.9440535669999992        1.0000000000000000     
   2.9991551849999993        1.0000000000000000     
   3.0542568029999995        1.0000000000000000     
   3.1093584209999992        1.0000000000000000     
   3.1644600389999993        1.0000000000000000     
   3.2195616569999994        1.0000000000000000     
   3.2746632749999991        1.0000000000000000     
   3.3297648929999992        1.0000000000000000     
   3.3848665109999994        1.0000000000000000     
   3.4399681289999995        1.0000000000000000     
   3.4950697469999992        1.0000000000000000     
   3.5501713649999993        1.0000000000000000     
   3.6052729829999994        1.0000000000000000     
   3.6603746009999991        1.0000000000000000     
   3.7154762189999992        1.0000000000000000     
   3.7705778369999994        1.0000000000000000     
   3.8256794549999991        1.0000000000000000     
   3.8807810729999992        1.0000000000000000     
   3.9358826909999993        1.0000000000000000     
   3.9909843089999990        1.0000000000000000     
   4.0460859269999991        1.0000000000000000     
   4.1011875449999993        1.0000000000000000     
   4.1562891629999994        1.0000000000000000     
   4.2113907809999995        1.0000000000000000     
   4.2664923989999988        1.0000000000000000     
   4.3215940169999989        1.0000000000000000     
   4.3766956349999990        1.0000000000000000     
   4.4317972529999992        1.0000000000000000     
   4.4868988709999993        1.0000000000000000     
   4.5420004889999994        1.0000000000000000     
   4.5971021069999995        1.0000000000000000     
   4.6522037249999988        1.0000000000000000     
   4.7073053429999989        1.0000000000000000     
   4.7624069609999991        1.0000000000000000     
   4.8175085789999992        1.0000000000000000     
   4.8726101969999993        1.0000000000000000     
   4.9277118149999994        1.0000000000000000     
   4.9828134329999987        1.0000000000000000     
   5.0379150509999988        1.0000000000000000     
   5.0930166689999989        1.0000000000000000     
   5.1481182869999991        1.0000000000000000     
   5.2032199049999992        1.0000000000000000     
   5.2583215229999993        1.0000000000000000     
   5.3134231409999986        1.0000000000000000     
   5.3685247589999987        1.0000000000000000     
   5.4236263769999988        1.0000000000000000     
   5.4787279949999990        1.0000000000000000     
   5.5338296129999991        1.0000000000000000     
   5.5889312309999992        1.0000000000000000     
   5.6440328489999994        1.0000000000000000     
   5.6991344669999986        1.0000000000000000     
   5.7542360849999987        1.0000000000000000     
   5.8093377029999989        1.0000000000000000     
   5.8644393209999990        1.0000000000000000     
   5.9195409389999991        1.0000000000000000     
   5.9746425569999992        1.0000000000000000     
   6.0297441749999985        1.0000000000000000     
   6.0848457929999986        1.0000000000000000     
   6.1399474109999987        1.0000000000000000     
   6.1950490289999989        1.0000000000000000     
   6.2501506469999990        1.0000000000000000     
   6.3052522649999991        1.0000000000000000     
   6.3603538829999984        1.0000000000000000     
   6.4154555009999985        1.0000000000000000     
   6.4705571189999986        1.0000000000000000     
   6.5256587369999988        1.0000000000000000     
   6.5807603549999989        1.0000000000000000     
   6.6358619729999990        1.0000000000000000     
   6.6909635909999992        1.0000000000000000     
   6.7460652089999984        1.0000000000000000     
   6.8011668269999985        1.0000000000000000     
   6.8562684449999987        1.0000000000000000     
   6.9113700629999988        1.0000000000000000     
   6.9664716809999989        1.0000000000000000     
   7.0215732989999990       0.99999999999999978     
   7.0766749169999983       0.99999999999999978     
   7.1317765349999984       0.99999999999999978     
   7.1868781529999985       0.99999999999999978     
   7.2419797709999987       0.99999999999999978     
   7.2970813889999988       0.99999999999999978     
   7.3521830069999989       0.99999999999999978     
   7.4072846249999991       0.99999999999999978     
   7.4623862429999983       0.99999999999999978     
   7.5174878609999984       0.99999999999999978     
   7.5725894789999986       0.99999999999999978     
   7.6276910969999987       0.99999999999999978     
   7.6827927149999988       0.99999999999999978     
   7.7378943329999990       0.99999999999999978     
   7.7929959509999982       0.99999999999999978     
   7.8480975689999983       0.99999999999999978     
   7.9031991869999985       0.99999999999999978     
   7.9583008049999986       0.99999999999999978     
   8.0134024229999987       0.99999999999999978     
   8.0685040409999988       0.99999999999999978     
   8.1236056589999990       0.99999999999999956     
   8.1787072769999991       0.99999999999999956     
   8.2338088949999992       0.99999999999999956     
   8.2889105129999994       0.99999999999999956     
   8.3440121309999977       0.99999999999999956     
   8.3991137489999979       0.99999999999999956     
   8.4542153669999980       0.99999999999999956     
   8.5093169849999981       0.99999999999999956     
   8.5644186029999982       0.99999999999999956     
   8.6195202209999984       0.99999999999999956     
   8.6746218389999985       0.99999999999999933     
   8.7297234569999986       0.99999999999999933     
   8.7848250749999988       0.99999999999999933     
   8.8399266929999989       0.99999999999999933     
   8.8950283109999990       0.99999999999999933     
   8.9501299289999992       0.99999999999999933     
   9.0052315469999993       0.99999999999999911     
   9.0603331649999976       0.99999999999999911     
   9.1154347829999978       0.99999999999999911     
   9.1705364009999979       0.99999999999999911     
   9.2256380189999980       0.99999999999999889     
   9.2807396369999982       0.99999999999999889     
   9.3358412549999983       0.99999999999999889     
   9.3909428729999984       0.99999999999999889     
   9.4460444909999985       0.99999999999999867     
   9.5011461089999987       0.99999999999999867     
   9.5562477269999988       0.99999999999999867     
   9.6113493449999989       0.99999999999999845     
   9.6664509629999991       0.99999999999999845     
   9.7215525809999974       0.99999999999999845     
   9.7766541989999975       0.99999999999999822     
   9.8317558169999977       0.99999999999999822     
   9.8868574349999978       0.99999999999999800     
   9.9419590529999979       0.99999999999999800     
   9.9970606709999981       0.99999999999999778     
   10.052162288999998       0.99999999999999778     
   10.107263906999998       0.99999999999999756     
   10.162365524999998       0.99999999999999734     
   10.217467142999999       0.99999999999999734     
   10.272568760999999       0.99999999999999711     
   10.327670378999999       0.99999999999999689     
   10.382771996999999       0.99999999999999689     
   10.437873614999997       0.99999999999999667     
   10.492975232999997       0.99999999999999645     
   10.548076850999998       0.99999999999999623     
   10.603178468999998       0.99999999999999600     
   10.658280086999998       0.99999999999999578     
   10.713381704999998       0.99999999999999556     
   10.768483322999998       0.99999999999999534     
   10.823584940999998       0.99999999999999512     
   10.878686558999998       0.99999999999999467     
   10.933788176999998       0.99999999999999445     
   10.988889794999999       0.99999999999999423     
   11.043991412999999       0.99999999999999378     
   11.099093030999999       0.99999999999999334     
   11.154194648999997       0.99999999999999312     
   11.209296266999997       0.99999999999999267     
   11.264397884999998       0.99999999999999223     
   11.319499502999998       0.99999999999999178     
   11.374601120999998       0.99999999999999134     
   11.429702738999998       0.99999999999999090     
   11.484804356999998       0.99999999999999045     
   11.539905974999998       0.99999999999998979     
   11.595007592999998       0.99999999999998934     
   11.650109210999998       0.99999999999998868     
   11.705210828999999       0.99999999999998801     
   11.760312446999999       0.99999999999998734     
   11.815414064999999       0.99999999999998668     
   11.870515682999997       0.99999999999998579     
   11.925617300999997       0.99999999999998512     
   11.980718918999997       0.99999999999998423     
   12.035820536999998       0.99999999999998335     
   12.090922154999998       0.99999999999998224     
   12.146023772999998       0.99999999999998135     
   12.201125390999998       0.99999999999998024     
   12.256227008999998       0.99999999999997913     
   12.311328626999998       0.99999999999997802     
   12.366430244999998       0.99999999999997669     
   12.421531862999998       0.99999999999997535     
   12.476633480999999       0.99999999999997402     
   12.531735098999997       0.99999999999997247     
   12.586836716999997       0.99999999999997091     
   12.641938334999997       0.99999999999996936     
   12.697039952999997       0.99999999999996758     
   12.752141570999997       0.99999999999996581     
   12.807243188999998       0.99999999999996381     
   12.862344806999998       0.99999999999996181     
   12.917446424999998       0.99999999999995959     
   12.972548042999998       0.99999999999995737     
   13.027649660999998       0.99999999999995492     
   13.082751278999998       0.99999999999995226     
   13.137852896999998       0.99999999999994960     
   13.192954514999998       0.99999999999994671     
   13.248056132999997       0.99999999999994382     
   13.303157750999997       0.99999999999994071     
   13.358259368999997       0.99999999999993716     
   13.413360986999997       0.99999999999993361     
   13.468462604999997       0.99999999999992983     
   13.523564222999997       0.99999999999992606     
   13.578665840999998       0.99999999999992184     
   13.633767458999998       0.99999999999991740     
   13.688869076999998       0.99999999999991274     
   13.743970694999998       0.99999999999990763     
   13.799072312999998       0.99999999999990252     
   13.854173930999998       0.99999999999989697     
   13.909275548999998       0.99999999999989120     
   13.964377166999997       0.99999999999988498     
   14.019478784999997       0.99999999999987854     
   14.074580402999997       0.99999999999987166     
   14.129682020999997       0.99999999999986433     
   14.184783638999997       0.99999999999985656     
   14.239885256999997       0.99999999999984857     
   14.294986874999998       0.99999999999983991     
   14.350088492999998       0.99999999999983080     
   14.405190110999998       0.99999999999982125     
   14.460291728999998       0.99999999999981104     
   14.515393346999998       0.99999999999980038     
   14.570494964999998       0.99999999999978906     
   14.625596582999998       0.99999999999977707     
   14.680698200999997       0.99999999999976463     
   14.735799818999997       0.99999999999975109     
   14.790901436999997       0.99999999999973710     
   14.846003054999997       0.99999999999972222     
   14.901104672999997       0.99999999999970646     
   14.956206290999997       0.99999999999968980     
   15.011307908999997       0.99999999999967226     
   15.066409526999998       0.99999999999965361     
   15.121511144999998       0.99999999999963407     
   15.176612762999998       0.99999999999961342     
   15.231714380999998       0.99999999999959144     
   15.286815998999998       0.99999999999956835     
   15.341917616999998       0.99999999999954392     
   15.397019234999997       0.99999999999951794     
   15.452120852999997       0.99999999999949063     
   15.507222470999997       0.99999999999946199     
   15.562324088999997       0.99999999999943134     
   15.617425706999997       0.99999999999939915     
   15.672527324999997       0.99999999999936517     
   15.727628942999997       0.99999999999932920     
   15.782730560999997       0.99999999999929123     
   15.837832178999998       0.99999999999925104     
   15.892933796999998       0.99999999999920863     
   15.948035414999998       0.99999999999916378     
   16.003137032999998       0.99999999999911648     
   16.058238651000000       0.99999999999906630     
   16.113340268999998       0.99999999999901346     
   16.168441886999997       0.99999999999895750     
   16.223543504999999       0.99999999999889844     
   16.278645123000000       0.99999999999883604     
   16.333746740999999       0.99999999999877032     
   16.388848359000001       0.99999999999870059     
   16.443949976999999       0.99999999999862688     
   16.499051594999997       0.99999999999854916     
   16.554153212999999       0.99999999999846700     
   16.609254830999998       0.99999999999838018     
   16.664356449000000       0.99999999999828826     
   16.719458066999998       0.99999999999819145     
   16.774559685000000       0.99999999999808886     
   16.829661302999998       0.99999999999798073     
   16.884762921000000       0.99999999999786637     
   16.939864538999998       0.99999999999774536     
   16.994966157000000       0.99999999999761768     
   17.050067774999999       0.99999999999748268     
   17.105169393000001       0.99999999999734013     
   17.160271010999999       0.99999999999718958     
   17.215372628999997       0.99999999999703038     
   17.270474246999999       0.99999999999686207     
   17.325575864999998       0.99999999999668421     
   17.380677482999999       0.99999999999649636     
   17.435779100999998       0.99999999999629807     
   17.490880719000000       0.99999999999608824     
   17.545982336999998       0.99999999999586664     
   17.601083955000000       0.99999999999563260     
   17.656185572999998       0.99999999999538502     
   17.711287191000000       0.99999999999512368     
   17.766388808999999       0.99999999999484745     
   17.821490427000001       0.99999999999455569     
   17.876592044999999       0.99999999999424727     
   17.931693662999997       0.99999999999392131     
   17.986795280999999       0.99999999999357692     
   18.041896898999997       0.99999999999321298     
   18.096998516999999       0.99999999999282863     
   18.152100134999998       0.99999999999242228     
   18.207201753000000       0.99999999999199307     
   18.262303370999998       0.99999999999153966     
   18.317404989000000       0.99999999999106026     
   18.372506606999998       0.99999999999055378     
   18.427608225000000       0.99999999999001887     
   18.482709842999999       0.99999999998945333     
   18.537811460999997       0.99999999998885580     
   18.592913078999999       0.99999999998822453     
   18.648014696999997       0.99999999998755751     
   18.703116314999999       0.99999999998685274     
   18.758217932999997       0.99999999998610800     
   18.813319550999999       0.99999999998532108     
   18.868421168999998       0.99999999998448952     
   18.923522787000000       0.99999999998361089     
   18.978624404999998       0.99999999998268230     
   19.033726023000000       0.99999999998170130     
   19.088827640999998       0.99999999998066480     
   19.143929259000000       0.99999999997956945     
   19.199030876999998       0.99999999997841216     
   19.254132494999997       0.99999999997718936     
   19.309234112999999       0.99999999997589706     
   19.364335730999997       0.99999999997453171     
   19.419437348999999       0.99999999997308908     
   19.474538966999997       0.99999999997156452     
   19.529640584999999       0.99999999996995381     
   19.584742202999998       0.99999999996825162     
   19.639843820999999       0.99999999996645306     
   19.694945438999998       0.99999999996455280     
   19.750047057000000       0.99999999996254485     
   19.805148674999998       0.99999999996042299     
   19.860250293000000       0.99999999995818101     
   19.915351910999998       0.99999999995581201     
   19.970453528999997       0.99999999995330890     
   20.025555146999999       0.99999999995066391     
   20.080656764999997       0.99999999994786926     
   20.135758382999999       0.99999999994491606     
   20.190860000999997       0.99999999994179567     
   20.245961618999999       0.99999999993849853     
   20.301063236999997       0.99999999993501465     
   20.356164854999999       0.99999999993133337     
   20.411266472999998       0.99999999992744359     
   20.466368091000000       0.99999999992333333     
   20.521469708999998       0.99999999991899036     
   20.576571327000000       0.99999999991440136     
   20.631672944999998       0.99999999990955235     
   20.686774562999997       0.99999999990442867     
   20.741876180999999       0.99999999989901478     
   20.796977798999997       0.99999999989329402     
   20.852079416999999       0.99999999988724952     
   20.907181034999997       0.99999999988086241     
   20.962282652999999       0.99999999987411337     
   21.017384270999997       0.99999999986698218     
   21.072485888999999       0.99999999985944710     
   21.127587506999998       0.99999999985148502     
   21.182689125000000       0.99999999984307197     
   21.237790742999998       0.99999999983418220     
   21.292892361000000       0.99999999982478904     
   21.347993978999998       0.99999999981486365     
   21.403095596999997       0.99999999980437604     
   21.458197214999998       0.99999999979329424     
   21.513298832999997       0.99999999978158494     
   21.568400450999999       0.99999999976921217     
   21.623502068999997       0.99999999975613840     
   21.678603686999999       0.99999999974232412     
   21.733705304999997       0.99999999972772735     
   21.788806922999999       0.99999999971230369     
   21.843908540999998       0.99999999969600628     
   21.899010158999999       0.99999999967878561     
   21.954111776999998       0.99999999966058950     
   22.009213395000000       0.99999999964136244     
   22.064315012999998       0.99999999962104646     
   22.119416630999996       0.99999999959957941     
   22.174518248999998       0.99999999957689645     
   22.229619866999997       0.99999999955292851     
   22.284721484999999       0.99999999952760277     
   22.339823102999997       0.99999999950084240     
   22.394924720999999       0.99999999947256613     
   22.450026338999997       0.99999999944268803     
   22.505127956999999       0.99999999941111750     
   22.560229574999997       0.99999999937775841     
   22.615331192999999       0.99999999934250972     
   22.670432810999998       0.99999999930526418     
   22.725534429000000       0.99999999926590899     
   22.780636046999998       0.99999999922432403     
   22.835737664999996       0.99999999918038363     
   22.890839282999998       0.99999999913395410     
   22.945940900999997       0.99999999908489423     
   23.001042518999999       0.99999999903305548     
   23.056144136999997       0.99999999897827996     
   23.111245754999999       0.99999999892040159     
   23.166347372999997       0.99999999885924451     
   23.221448990999999       0.99999999879462287     
   23.276550608999997       0.99999999872634082     
   23.331652226999999       0.99999999865419054     
   23.386753844999998       0.99999999857795308     
   23.441855463000000       0.99999999849739707     
   23.496957080999998       0.99999999841227760     
   23.552058698999996       0.99999999832233644     
   23.607160316999998       0.99999999822730001     
   23.662261934999997       0.99999999812688012     
   23.717363552999998       0.99999999802077166     
   23.772465170999997       0.99999999790865246     
   23.827566788999999       0.99999999779018189     
   23.882668406999997       0.99999999766500003     
   23.937770024999999       0.99999999753272717     
   23.992871642999997       0.99999999739296097     
   24.047973260999999       0.99999999724527755     
   24.103074878999998       0.99999999708922815     
   24.158176496999999       0.99999999692433872     
   24.213278114999998       0.99999999675010875     
   24.268379732999996       0.99999999656600891     
   24.323481350999998       0.99999999637148029     
   24.378582968999996       0.99999999616593183     
   24.433684586999998       0.99999999594873978     
   24.488786204999997       0.99999999571924403     
   24.543887822999999       0.99999999547674778     
   24.598989440999997       0.99999999522051453     
   24.654091058999999       0.99999999494976644     
   24.709192676999997       0.99999999466368084     
   24.764294294999999       0.99999999436138909     
   24.819395912999997       0.99999999404197326     
   24.874497530999996       0.99999999370446302     
   24.929599148999998       0.99999999334783363     
   24.984700766999996       0.99999999297100173     
   25.039802384999998       0.99999999257282313     
   25.094904002999996       0.99999999215208868     
   25.150005620999998       0.99999999170752030     
   25.205107238999997       0.99999999123776806     
   25.260208856999999       0.99999999074140533     
   25.315310474999997       0.99999999021692443     
   25.370412092999999       0.99999998966273307     
   25.425513710999997       0.99999998907714771     
   25.480615328999999       0.99999998845839022     
   25.535716946999997       0.99999998780458121     
   25.590818564999996       0.99999998711373539     
   25.645920182999998       0.99999998638375454     
   25.701021800999996       0.99999998561242154     
   25.756123418999998       0.99999998479739438     
   25.811225036999996       0.99999998393619727     
   25.866326654999998       0.99999998302621529     
   25.921428272999997       0.99999998206468466     
   25.976529890999998       0.99999998104868515     
   26.031631508999997       0.99999997997513157     
   26.086733126999999       0.99999997884076319     
   26.141834744999997       0.99999997764213500     
   26.196936362999999       0.99999997637560700     
   26.252037980999997       0.99999997503733296     
   26.307139598999996       0.99999997362324811     
   26.362241216999998       0.99999997212905833     
   26.417342834999996       0.99999997055022583     
   26.472444452999998       0.99999996888195553     
   26.527546070999996       0.99999996711918104     
   26.582647688999998       0.99999996525654911     
   26.637749306999996       0.99999996328840268     
   26.692850924999998       0.99999996120876489     
   26.747952542999997       0.99999995901131966     
   26.803054160999999       0.99999995668939368     
   26.858155778999997       0.99999995423593535     
   26.913257396999999       0.99999995164349331     
   26.968359014999997       0.99999994890419508     
   27.023460632999996       0.99999994600972064     
   27.078562250999997       0.99999994295128036     
   27.133663868999996       0.99999993971958590     
   27.188765486999998       0.99999993630482209     
   27.243867104999996       0.99999993269661902     
   27.298968722999998       0.99999992888401845     
   27.354070340999996       0.99999992485544176     
   27.409171958999998       0.99999992059865439     
   27.464273576999997       0.99999991610072858     
   27.519375194999999       0.99999991134800437     
   27.574476812999997       0.99999990632604796     
   27.629578430999999       0.99999990101960812     
   27.684680048999997       0.99999989541256917     
   27.739781666999995       0.99999988948790253     
   27.794883284999997       0.99999988322761590     
   27.849984902999996       0.99999987661269663     
   27.905086520999998       0.99999986962305554     
   27.960188138999996       0.99999986223746562     
   28.015289756999998       0.99999985443349682     
   28.070391374999996       0.99999984618744919     
   28.125492992999998       0.99999983747427978     
   28.180594610999997       0.99999982826752709     
   28.235696228999998       0.99999981853923059     
   28.290797846999997       0.99999980825984569     
   28.345899464999999       0.99999979739815492     
   28.401001082999997       0.99999978592117122     
   28.456102700999995       0.99999977379403993     
   28.511204318999997       0.99999976097993148     
   28.566305936999996       0.99999974743993014     
   28.621407554999998       0.99999973313291501     
   28.676509172999996       0.99999971801543697     
   28.731610790999998       0.99999970204158495     
   28.786712408999996       0.99999968516284687     
   28.841814026999998       0.99999966732796286     
   28.896915644999996       0.99999964848276923     
   28.952017262999998       0.99999962857003444     
   29.007118880999997       0.99999960752928396     
   29.062220498999999       0.99999958529661848     
   29.117322116999997       0.99999956180451854     
   29.172423734999995       0.99999953698163935     
   29.227525352999997       0.99999951075259585     
   29.282626970999996       0.99999948303773112     
   29.337728588999997       0.99999945375287691     
   29.392830206999996       0.99999942280909682     
   29.447931824999998       0.99999939011241579     
   29.503033442999996       0.99999935556353614     
   29.558135060999998       0.99999931905753470     
   29.613236678999996       0.99999928048354481     
   29.668338296999998       0.99999923972441929     
   29.723439914999997       0.99999919665637538     
   29.778541532999999       0.99999915114861726     
   29.833643150999997       0.99999910306294115     
   29.888744768999995       0.99999905225331354     
   29.943846386999997       0.99999899856542840     
   29.998948004999995       0.99999894183623927     
   30.054049622999997       0.99999888189346264     
   30.109151240999996       0.99999881855505679     
   30.164252858999998       0.99999875162866647     
   30.219354476999996       0.99999868091104094     
   30.274456094999998       0.99999860618741510     
   30.329557712999996       0.99999852723085880     
   30.384659330999998       0.99999844380158642     
   30.439760948999997       0.99999835564622919     
   30.494862566999998       0.99999826249706536     
   30.549964184999997       0.99999816407120812     
   30.605065802999995       0.99999806006974568     
   30.660167420999997       0.99999795017683346     
   30.715269038999995       0.99999783405873588     
   30.770370656999997       0.99999771136281124     
   30.825472274999996       0.99999758171644271     
   30.880573892999998       0.99999744472590524     
   30.935675510999996       0.99999729997517095     
   30.990777128999998       0.99999714702464471     
   31.045878746999996       0.99999698540983062     
   31.100980364999998       0.99999681463991985     
   31.156081982999996       0.99999663419630158     
   31.211183600999998       0.99999644353098671     
   31.266285218999997       0.99999624206494520     
   31.321386836999995       0.99999602918634678     
   31.376488454999997       0.99999580424870338     
   31.431590072999995       0.99999556656890620     
   31.486691690999997       0.99999531542515063     
   31.541793308999996       0.99999505005474465     
   31.596894926999997       0.99999476965179313     
   31.651996544999996       0.99999447336475089     
   31.707098162999998       0.99999416029383570     
   31.762199780999996       0.99999382948829740     
   31.817301398999998       0.99999347994353049     
   31.872403016999996       0.99999311059802254     
   31.927504634999998       0.99999272033013276     
   31.982606252999997       0.99999230795468508     
   32.037707870999995       0.99999187221936925     
   32.092809488999997       0.99999141180093887     
   32.147911106999992       0.99999092530119349     
   32.203012724999994       0.99999041124273291     
   32.258114342999995       0.99998986806447132     
   32.313215960999997       0.99998929411689774     
   32.368317578999999       0.99998868765706694     
   32.423419196999994       0.99998804684330911     
   32.478520814999996       0.99998736972963620     
   32.533622432999998       0.99998665425983535     
   32.588724051000000       0.99998589826122530     
   32.643825668999995       0.99998509943806069     
   32.698927286999997       0.99998425536456104     
   32.754028904999998       0.99998336347754779     
   32.809130522999993       0.99998242106866242     
   32.864232140999995       0.99998142527614375     
   32.919333758999997       0.99998037307614196     
   32.974435376999999       0.99997926127353742     
   33.029536994999994       0.99997808649224362     
   33.084638612999996       0.99997684516495722     
   33.139740230999998       0.99997553352233193     
   33.194841848999999       0.99997414758153524     
   33.249943466999994       0.99997268313416110     
   33.305045084999996       0.99997113573345708     
   33.360146702999998       0.99996950068082657     
   33.415248320999993       0.99996777301157147     
   33.470349938999995       0.99996594747982315     
   33.525451556999997       0.99996401854262440     
   33.580553174999999       0.99996198034310901     
   33.635654792999993       0.99995982669272876     
   33.690756410999995       0.99995755105247697     
   33.745858028999997       0.99995514651304762     
   33.800959646999999       0.99995260577387302     
   33.856061264999994       0.99994992112097625     
   33.911162882999996       0.99994708440356939     
   33.966264500999998       0.99994408700932924     
   34.021366119000000       0.99994091983827449     
   34.076467736999994       0.99993757327516553     
   34.131569354999996       0.99993403716034379     
   34.186670972999998       0.99993030075892242     
   34.241772590999993       0.99992635272823471     
   34.296874208999995       0.99992218108344422     
   34.351975826999997       0.99991777316120889     
   34.407077444999999       0.99991311558129381     
   34.462179062999994       0.99990819420601351     
   34.517280680999995       0.99990299409738459     
   34.572382298999997       0.99989749947185669     
   34.627483916999999       0.99989169365248709     
   34.682585534999994       0.99988555901841514     
   34.737687152999996       0.99987907695148470     
   34.792788770999998       0.99987222777985207     
   34.847890388999993       0.99986499071841339     
   34.902992006999995       0.99985734380586921     
   34.958093624999997       0.99984926383824002     
   35.013195242999998       0.99984072629863152     
   35.068296860999993       0.99983170528304122     
   35.123398478999995       0.99982217342198221     
   35.178500096999997       0.99981210179768942     
   35.233601714999999       0.99980145985666435     
   35.288703332999994       0.99979021531729317     
   35.343804950999996       0.99977833407226302     
   35.398906568999998       0.99976578008548977     
   35.454008186999999       0.99975251528324471     
   35.509109804999994       0.99973849943916016     
   35.564211422999996       0.99972369005277029     
   35.619313040999998       0.99970804222123077     
   35.674414658999993       0.99969150850383037     
   35.729516276999995       0.99967403877890126     
   35.784617894999997       0.99965558009269928     
   35.839719512999999       0.99963607649981290     
   35.894821130999993       0.99961546889462893     
   35.949922748999995       0.99959369483335891     
   36.005024366999997       0.99957068834610718     
   36.060125984999999       0.99954637973842742     
   36.115227602999994       0.99952069538178945     
   36.170329220999996       0.99949355749234636     
   36.225430838999998       0.99946488389735810     
   36.280532456999993       0.99943458778859207     
   36.335634074999994       0.99940257746199312     
   36.390735692999996       0.99936875604286479     
   36.445837310999998       0.99933302119577927     
   36.500938928999993       0.99929526481837860     
   36.556040546999995       0.99925537271819675     
   36.611142164999997       0.99921322427157910     
   36.666243782999999       0.99916869206373815     
   36.721345400999994       0.99912164150892235     
   36.776447018999995       0.99907193044963605     
   36.831548636999997       0.99901940873378603     
   36.886650254999992       0.99896391776857840     
   36.941751872999994       0.99890529004992967     
   36.996853490999996       0.99884334866609747     
   37.051955108999998       0.99877790677416756     
   37.107056726999993       0.99870876704797862     
   37.162158344999995       0.99863572109598631     
   37.217259962999997       0.99855854884750894     
   37.272361580999998       0.99847701790571630     
   37.327463198999993       0.99839088286565636     
   37.382564816999995       0.99829988459552843     
   37.437666434999997       0.99820374947934265     
   37.492768052999999       0.99810218861901501     
   37.547869670999994       0.99799489699387312     
   37.602971288999996       0.99788155257545597     
   37.658072906999998       0.99776181539541253     
   37.713174524999992       0.99763532656421128     
   37.768276142999994       0.99750170723828824     
   37.823377760999996       0.99736055753317743     
   37.878479378999998       0.99721145538007050     
   37.933580996999993       0.99705395532317864     
   37.988682614999995       0.99688758725517368     
   38.043784232999997       0.99671185508791293     
   38.098885850999999       0.99652623535556473     
   38.153987468999993       0.99633017574718241     
   38.209089086999995       0.99612309356570339     
   38.264190704999997       0.99590437411028976     
   38.319292322999992       0.99567336897886494     
   38.374393940999994       0.99542939428766952     
   38.429495558999996       0.99517172880461580     
   38.484597176999998       0.99489961199320809     
   38.539698794999993       0.99461224196379505     
   38.594800412999994       0.99430877332893330     
   38.649902030999996       0.99398831495969009     
   38.705003648999998       0.99364992763976900     
   38.760105266999993       0.99329262161444543     
   38.815206884999995       0.99291535403142495     
   38.870308502999997       0.99251702627090455     
   38.925410120999999       0.99209648116232985     
   38.980511738999994       0.99165250008559580     
   39.035613356999995       0.99118379995476058     
   39.090714974999997       0.99068903008271170     
   39.145816592999992       0.99016676892567679     
   39.200918210999994       0.98961552070698466     
   39.256019828999996       0.98903371192010181     
   39.311121446999998       0.98841968771166888     
   39.366223064999993       0.98777170814606929     
   39.421324682999995       0.98708794435399660     
   39.476426300999996       0.98636647456853543     
   39.531527918999998       0.98560528005347081     
   39.586629536999993       0.98480224092988988     
   39.641731154999995       0.98395513190865957     
   39.696832772999997       0.98306161793806757     
   39.751934390999992       0.98211924977780807     
   39.807036008999994       0.98112545951261310     
   39.862137626999996       0.98007755602118107     
   39.917239244999998       0.97897272041862748     
   39.972340862999992       0.97780800149355962     
   40.027442480999994       0.97658031116399580     
   40.082544098999996       0.97528641997978482     
   40.137645716999998       0.97392295270291662     
   40.192747334999993       0.97248638400117449     
   40.247848952999995       0.97097303429496551     
   40.302950570999997       0.96937906580190547     
   40.358052188999999       0.96770047882879073     
   40.413153806999993       0.96593310836601631     
   40.468255424999995       0.96407262104524294     
   40.523357042999997       0.96211451252718916     
   40.578458660999992       0.96005410539279223     
   40.633560278999994       0.95788654761761982     
   40.688661896999996       0.95560681171629092     
   40.743763514999998       0.95320969465068239     
   40.798865132999993       0.95068981860284385     
   40.853966750999994       0.94804163272068365     
   40.909068368999996       0.94525941595154672     
   40.964169986999998       0.94233728108562287     
   41.019271604999993       0.93926918013759031     
   41.074373222999995       0.93604891120080536     
   41.129474840999997       0.93267012691352169     
   41.184576458999992       0.92912634468079536     
   41.239678076999994       0.92541095879870838     
   41.294779694999995       0.92151725462898459     
   41.349881312999997       0.91743842497168382     
   41.404982930999992       0.91316758878113125     
   41.460084548999994       0.90869781236517144     
   41.515186166999996       0.90402213319988745     
   41.570287784999998       0.89913358648067143     
   41.625389402999993       0.89402523451563343     
   41.680491020999995       0.88869019904833624     
   41.735592638999996       0.88312169657347128     
   41.790694256999998       0.87731307668089520     
   41.845795874999993       0.87125786343028522     
   41.900897492999995       0.86494979972021280     
   41.955999110999997       0.85838289457166761     
   42.011100728999992       0.85155147319688629     
   42.066202346999994       0.84445022967001271     
   42.121303964999996       0.83707428195685374     
   42.176405582999998       0.82941922899731624     
   42.231507200999992       0.82148120946677994     
   42.286608818999994       0.81325696177253060     
   42.341710436999996       0.80474388476971925     
   42.396812054999998       0.79594009860944803     
   42.451913672999993       0.78684450506131398     
   42.507015290999995       0.77745684658585301     
   42.562116908999997       0.76777776337102766     
   42.617218526999991       0.75780884749335686     
   42.672320144999993       0.74755269332102092     
   42.727421762999995       0.73701294324559874     
   42.782523380999997       0.72619432781340287     
   42.837624998999992       0.71510269932902448     
   42.892726616999994       0.70374505802452059     
   42.947828234999996       0.69212956992949293     
   43.002929852999998       0.68026557564111367     
   43.058031470999993       0.66816358927976838     
   43.113133088999994       0.65583528702514526     
   43.168234706999996       0.64329348475866754     
   43.223336324999991       0.63055210448936916     
   43.278437942999993       0.61762612940939965     
   43.333539560999995       0.60453154760896977     
   43.388641178999997       0.59128528467469799     
   43.443742796999992       0.57790512559554152     
   43.498844414999994       0.56440962660140193     
   43.553946032999995       0.55081801775581374     
   43.609047650999997       0.53715009730998597     
   43.664149268999992       0.52342611899555203     
   43.719250886999994       0.50966667358217654     
   43.774352504999996       0.49589256614916843     
   43.829454122999998       0.48212469061322299     
   43.884555740999993       0.46838390311456718     
   43.939657358999995       0.45469089588884187     
   43.994758976999996       0.44106607324141445     
   44.049860594999991       0.42752943119460513     
   44.104962212999993       0.41410044229831178     
   44.160063830999995       0.40079794698320798     
   44.215165448999997       0.38764005269671747     
   44.270267066999992       0.37464404189994688     
   44.325368684999994       0.36182628982354403     
   44.380470302999996       0.34920219268772729     
   44.435571920999998       0.33678610689192728     
   44.490673538999992       0.32459129947842041     
   44.545775156999994       0.31262990997708839     
   44.600876774999996       0.30091292355007654     
   44.655978392999991       0.28945015517970341     
   44.711080010999993       0.27825024448424912     
   44.766181628999995       0.26732066060681309     
   44.821283246999997       0.25666771650424103     
   44.876384864999991       0.24629659186742706     
   44.931486482999993       0.23621136383126642     
   44.986588100999995       0.22641504458199976     
   45.041689718999997       0.21690962494051114     
   45.096791336999992       0.20769612299104068     
   45.151892954999994       0.19877463683368604     
   45.206994572999996       0.19014440056399468     
   45.262096190999998       0.18180384262140212     
   45.317197808999993       0.17375064569799140     
   45.372299426999994       0.16598180745746627     
   45.427401044999996       0.15849370137915475     
   45.482502662999991       0.15128213711098040     
   45.537604280999993       0.14434241978679560     
   45.592705898999995       0.13766940783539908     
   45.647807516999997       0.13125756887943410     
   45.702909134999992       0.12510103339099177     
   45.758010752999994       0.11919364583596656     
   45.813112370999995       0.11352901310034071     
   45.868213988999997       0.10810055004792828     
   45.923315606999992       0.10290152211041055     
   45.978417224999994        9.7925084856435460E-002
   46.033518842999996        9.3164320527161559E-002
   46.088620460999991        8.8612271560893713E-002
   46.143722078999993        8.4261971159637378E-002
   46.198823696999995        8.0106470975682256E-002
   46.253925314999996        7.6138866017031681E-002
   46.309026932999991        7.2352316887024204E-002
   46.364128550999993        6.8740069486156949E-002
   46.419230168999995        6.5295472313368963E-002
   46.474331786999997        6.2011991510208885E-002
   46.529433404999992        5.8883223794841733E-002
   46.584535022999994        5.5902907434046106E-002
   46.639636640999996        5.3064931400617223E-002
   46.694738258999998        5.0363342861192269E-002
   46.749839876999992        4.7792353135803538E-002
   46.804941494999994        4.5346342265654385E-002
   46.860043112999996        4.3019862319987411E-002
   46.915144730999991        4.0807639566643780E-002
   46.970246348999993        3.8704575624223768E-002
   47.025347966999995        3.6705747706779659E-002
   47.080449584999997        3.4806408064843128E-002
   47.135551202999991        3.3001982719448861E-002
   47.190652820999993        3.1288069578723793E-002
   47.245754438999995        2.9660436019677515E-002
   47.300856056999997        2.8115016011084123E-002
   47.355957674999992        2.6647906846871086E-002
   47.411059292999994        2.5255365553228912E-002
   47.466160910999996        2.3933805026780372E-002
   47.521262528999991        2.2679789955590699E-002
   47.576364146999992        2.1490032569595596E-002
   47.631465764999994        2.0361388262155906E-002
   47.686567382999996        1.9290851119917206E-002
   47.741669000999991        1.8275549393967142E-002
   47.796770618999993        1.7312740941413503E-002
   47.851872236999995        1.6399808662958416E-002
   47.906973854999997        1.5534255958788179E-002
   47.962075472999992        1.4713702222137344E-002
   48.017177090999994        1.3935878387186030E-002
   48.072278708999995        1.3198622545510099E-002
   48.127380326999997        1.2499875643094360E-002
   48.182481944999992        1.1837677267938052E-002
   48.237583562999994        1.1210161536498802E-002
   48.292685180999996        1.0615553085632980E-002
   48.347786798999991        1.0052163175270520E-002
   48.402888416999993        9.5183859058078635E-003
   48.457990034999995        9.0126945530917494E-003
   48.513091652999996        8.5336380228873271E-003
   48.568193270999991        8.0798374258705917E-003
   48.623294888999993        7.6499827734372262E-003
   48.678396506999995        7.2428297939751991E-003
   48.733498124999997        6.8571968686895485E-003
   48.788599742999992        6.4919620855938727E-003
   48.843701360999994        6.1460604098778513E-003
   48.898802978999996        5.8184809685225772E-003
   48.953904596999990        5.5082644467527456E-003
   49.009006214999992        5.2145005936863600E-003
   49.064107832999994        4.9363258343582492E-003
   49.119209450999996        4.6729209851486759E-003
   49.174311068999991        4.4235090695412486E-003
   49.229412686999993        4.1873532310558537E-003
   49.284514304999995        3.9637547401531375E-003
   49.339615922999997        3.7520510918793029E-003
   49.394717540999991        3.5516141910151701E-003
   49.449819158999993        3.3618486215040979E-003
   49.504920776999995        3.1821899969608548E-003
   49.560022394999990        3.0121033891020777E-003
   49.615124012999992        2.8510818309900265E-003
   49.670225630999994        2.6986448920404927E-003
   49.725327248999996        2.5543373218118678E-003
   49.780428866999991        2.4177277596657792E-003
   49.835530484999992        2.2884075074665654E-003
   49.890632102999994        2.1659893625684714E-003
   49.945733720999996        2.0501065084226194E-003
   50.000835338999991        1.9404114602221143E-003
   50.055936956999993        1.8365750630900109E-003
   50.111038574999995        1.7382855404026469E-003
   50.166140192999997        1.6452475899276864E-003
   50.221241810999992        1.5571815255435901E-003
   50.276343428999994        1.4738224623928790E-003
   50.331445046999995        1.3949195434066863E-003
   50.386546664999990        1.3202352052210499E-003
   50.441648282999992        1.2495444815873585E-003
   50.496749900999994        1.1826343424590868E-003
   50.551851518999996        1.1193030670144037E-003
   50.606953136999991        1.0593596489501514E-003
   50.662054754999993        1.0026232324557474E-003
   50.717156372999995        9.4892257734681548E-004
   50.772257990999996        8.9809555190675523E-004
   50.827359608999991        8.4998865205103457E-004
   50.882461226999993        8.0445654549273036E-004
   50.937562844999995        7.6136163964958645E-004
   50.992664462999990        7.2057367209186769E-004
   51.047766080999992        6.8196932238736479E-004
   51.102867698999994        6.4543184425450617E-004
   51.157969316999996        6.1085071698677694E-004
   51.213070934999990        5.7812131516201239E-004
   51.268172552999992        5.4714459569805626E-004
   51.323274170999994        5.1782680136237564E-004
   51.378375788999996        4.9007917988703141E-004
   51.433477406999991        4.6381771788256459E-004
   51.488579024999993        4.3896288878435611E-004
   51.543680642999995        4.1543941410340909E-004
   51.598782260999997        3.9317603728990041E-004
   51.653883878999991        3.7210530955279823E-004
   51.708985496999993        3.5216338701194274E-004
   51.764087114999995        3.3328983859068931E-004
   51.819188732999990        3.1542746408723090E-004
   51.874290350999992        2.9852212189146482E-004
   51.929391968999994        2.8252256584153802E-004
   51.984493586999996        2.6738029074010062E-004
   52.039595204999991        2.5304938607505792E-004
   52.094696822999992        2.3948639751302140E-004
   52.149798440999994        2.2665019575601909E-004
   52.204900058999996        2.1450185237316050E-004
   52.260001676999991        2.0300452223915671E-004
   52.315103294999993        1.9212333223067929E-004
   52.370204912999995        1.8182527584975457E-004
   52.425306530999990        1.7207911346058558E-004
   52.480408148999992        1.6285527784261794E-004
   52.535509766999994        1.5412578477820007E-004
   52.590611384999995        1.4586414840790857E-004
   52.645713002999990        1.3804530110064859E-004
   52.700814620999992        1.3064551759888355E-004
   52.755916238999994        1.2364234321197566E-004
   52.811017856999996        1.1701452584252706E-004
   52.866119474999991        1.1074195164197929E-004
   52.921221092999993        1.0480558410244334E-004
   52.976322710999995        9.9187406401943820E-005
   53.031424328999996        9.3870366829887573E-005
   53.086525946999991        8.8838327128750932E-005
   53.141627564999993        8.4076013596634465E-005
   53.196729182999995        7.9568970803578078E-005
   53.251830800999990        7.5303517782299208E-005
   53.306932418999992        7.1266706561422534E-005
   53.362034036999994        6.7446282916265371E-005
   53.417135654999996        6.3830649218859232E-005
   53.472237272999990        6.0408829275190152E-005
   53.527338890999992        5.7170435043577399E-005
   53.582440508999994        5.4105635133761994E-005
   53.637542126999996        5.1205124991601591E-005
   53.692643744999991        4.8460098679343722E-005
   53.747745362999993        4.5862222166229894E-005
   53.802846980999995        4.3403608048732090E-005
   53.857948598999990        4.1076791624010034E-005
   53.913050216999991        3.8874708244258726E-005
   53.968151834999993        3.6790671883470482E-005
   54.023253452999995        3.4818354851778635E-005
   54.078355070999990        3.2951768596018234E-005
   54.133456688999992        3.1185245528405008E-005
   54.188558306999994        2.9513421828341263E-005
   54.243659924999996        2.7931221165284092E-005
   54.298761542999991        2.6433839293399390E-005
   54.353863160999992        2.5016729471350521E-005
   54.408964778999994        2.3675588663067621E-005
   54.464066396999996        2.2406344477695702E-005
   54.519168014999991        2.1205142809160132E-005
   54.574269632999993        2.0068336137897171E-005
   54.629371250999995        1.8992472459303827E-005
   54.684472868999990        1.7974284805350755E-005
   54.739574486999992        1.7010681327600622E-005
   54.794676104999994        1.6098735911572146E-005
   54.849777722999995        1.5235679293994229E-005
   54.904879340999990        1.4418890656021252E-005
   54.959980958999992        1.3645889666917701E-005
   55.015082576999994        1.2914328954087304E-005
   55.070184194999996        1.2221986976609060E-005
   55.125285812999991        1.1566761280668217E-005
   55.180387430999993        1.0946662116424358E-005
   55.235489048999995        1.0359806396956087E-005
   55.290590666999989        9.8044119809552689E-006
   55.345692284999991        9.2787922618273096E-006
   55.400793902999993        8.7813510467821731E-006
   55.455895520999995        8.3105777103779490E-006
   55.510997138999990        7.8650426078131027E-006
   55.566098756999992        7.4433927340491422E-006
   55.621200374999994        7.0443476155924048E-006
   55.676301992999996        6.6666954224670436E-006
   55.731403610999990        6.3092892885810671E-006
   55.786505228999992        5.9710438293176981E-006
   55.841606846999994        5.6509318457838720E-006
   55.896708464999996        5.3479812057121266E-006
   55.951810082999991        5.0612718915496650E-006
   56.006911700999993        4.7899332067742763E-006
   56.062013318999995        4.5331411319578969E-006
   56.117114936999990        4.2901158225516249E-006
   56.172216554999991        4.0601192407970265E-006
   56.227318172999993        3.8424529145754227E-006
   56.282419790999995        3.6364558163911997E-006
   56.337521408999990        3.4415023560507632E-006
   56.392623026999992        3.2570004809429941E-006
   56.447724644999994        3.0823898781543093E-006
   56.502826262999996        2.9171402729595892E-006
   56.557927880999991        2.7607498185236309E-006
