  0.188972667       3.35708785       4.37473822       4.76349926       4.95565224    
  0.244074285       2.19556975       3.18727112       3.57235980       3.76246238    
  0.299175888       1.47664356       2.44037652       2.82155395       3.00944471    
  0.354277521      0.991538048       1.92778254       2.30533481       2.49107671    
  0.409379125      0.648233294       1.55565846       1.92929971       2.11276913    
  0.464480728      0.395858914       1.27397013       1.64353025       1.82466936    
  0.519582331      0.203155845       1.05324030       1.41900623       1.59793389    
  0.574683964       5.25828339E-02  0.875845611       1.23806465       1.41489279    
  0.629785597      -6.58123419E-02  0.730865359       1.08944011       1.26417112    
  0.684887171     -0.160164535      0.610425413      0.965299845       1.13795817    
  0.739988804     -0.237284482      0.508560538      0.859968841       1.03067744    
  0.795090437     -0.298916787      0.422190875      0.769841254      0.938557029    
  0.850192010     -0.351263136      0.347076714      0.691460788      0.858389318    
  0.905293643     -0.393533498      0.282224625      0.623099804      0.788216472    
  0.960395277     -0.430093557      0.224790379      0.562597334      0.726087213    
   1.01549685     -0.459372103      0.174694747      0.509117246      0.670933425    
   1.07059848     -0.484653920      0.129879802      0.461202472      0.621478498    
   1.12570012     -0.506224394       8.97202343E-02  0.418091029      0.576916814    
   1.18080175     -0.523604095       5.40738516E-02  0.379308343      0.536673605    
   1.23590338     -0.538334370       2.18973309E-02  0.344097674      0.500075221    
   1.29100490     -0.550577223      -7.14295311E-03  0.312042445      0.466678560    
   1.34610653     -0.561799884      -3.40207294E-02  0.282518804      0.435959458    
   1.40120816     -0.570380390      -5.80634438E-02  0.255593956      0.407806844    
   1.45630980     -0.577418923      -7.99876675E-02  0.230814263      0.381841749    
   1.51141143     -0.583328664     -0.100144647      0.207895756      0.357797682    
   1.56651306     -0.588601768     -0.118926190      0.186558068      0.335424781    
   1.62161458     -0.592483401     -0.135991588      0.166830972      0.314660788    
   1.67671621     -0.595669985     -0.151819810      0.148430511      0.295276612    
   1.73181784     -0.598058045     -0.166417897      0.131273657      0.277165443    
   1.78691947     -0.600216508     -0.180196255      0.115124375      0.260140806    
   1.84202111     -0.601058424     -0.192526907      0.100175902      0.244266748    
   1.89712274     -0.601900399     -0.204281479       8.60205516E-02  0.229270488    
   1.95222425     -0.602343082     -0.215252504       7.26943910E-02  0.215136454    
   2.00732589     -0.602893710     -0.225816399       6.00002073E-02  0.201719820    
   2.06242752     -0.602442741     -0.235262886       4.81924489E-02  0.189137504    
   2.11752915     -0.601868331     -0.244206712       3.69848013E-02  0.177200124    
   2.17263079     -0.601453543     -0.252878338       2.62506492E-02  0.165812075    
   2.22773242     -0.600363314     -0.260715723       1.61970090E-02  0.155071199    
   2.28283405     -0.599054754     -0.268057048       6.65923767E-03  0.144864410    
   2.33793569     -0.598195434     -0.275413364      -2.60032970E-03  0.135038272    
   2.39303732     -0.596791804     -0.282077312      -1.13035357E-02  0.125736982    
   2.44813871     -0.595097244     -0.288244277      -1.95498504E-02  0.116889425    
   2.50324035     -0.593679667     -0.294361174      -2.75463145E-02  0.108363792    
   2.55834198     -0.592097342     -0.300108463      -3.51717174E-02  0.100217983    
   2.61344361     -0.590350628     -0.305496365      -4.24435623E-02   9.24312100E-02
   2.66854525     -0.588618159     -0.310676932      -4.94398177E-02   8.49487409E-02
   2.72364688     -0.586863399     -0.315633535      -5.61647937E-02   7.77590126E-02
   2.77874851     -0.584928870     -0.320247352      -6.25767559E-02   7.08777085E-02
   2.83385015     -0.583073378     -0.324739099      -6.87818006E-02   6.42359853E-02
   2.88895178     -0.581430197     -0.329233170      -7.48443678E-02   5.77895418E-02
   2.94405341     -0.579427660     -0.333257079      -8.05631801E-02   5.16477972E-02
   2.99915504     -0.577613771     -0.337281168      -8.61543491E-02   4.56800088E-02
   3.05425668     -0.575739563     -0.341101080      -9.15338397E-02   3.99289392E-02
   3.10935831     -0.573780894     -0.344700694      -9.67003703E-02   3.43900509E-02
   3.16445971     -0.571821034     -0.348158121     -0.101694770       2.90348437E-02
   3.21956134     -0.570070088     -0.351668596     -0.106611393       2.38041356E-02
   3.27466297     -0.568188190     -0.354933858     -0.111319788       1.87690519E-02
   3.32976460     -0.566469729     -0.358226001     -0.115948945       1.38509041E-02
   3.38486624     -0.564582109     -0.361245066     -0.120365486       9.12317820E-03
   3.43996787     -0.562762916     -0.364213645     -0.124675632       4.52080974E-03
   3.49506950     -0.561038077     -0.367161989     -0.128897503       2.99226613E-05
   3.55017114     -0.559261918     -0.369957030     -0.132972702      -4.31870855E-03
   3.60527277     -0.557572782     -0.372734189     -0.136967689      -8.56664125E-03
   3.66037440     -0.555854619     -0.375385940     -0.140835121      -1.26891080E-02
   3.71547604     -0.554212213     -0.378017247     -0.144627169      -1.67191233E-02
   3.77057767     -0.552564204     -0.380552113     -0.148310632      -2.06397977E-02
   3.82567906     -0.550963521     -0.383045733     -0.151914060      -2.44701430E-02
   3.88078070     -0.549396157     -0.385487497     -0.155434757      -2.82108020E-02
   3.93588233     -0.547839046     -0.387856871     -0.158865005      -3.18593644E-02
   3.99098396     -0.546350121     -0.390215278     -0.162236229      -3.54362614E-02
   4.04608583     -0.544848979     -0.392483234     -0.165512100      -3.89220379E-02
   4.10118723     -0.543432057     -0.394762397     -0.168743268      -4.23483290E-02
   4.15628862     -0.541993141     -0.396944940     -0.171879292      -4.56870981E-02
   4.21139050     -0.540602565     -0.399105996     -0.174957931      -4.89622653E-02
   4.26649189     -0.539285004     -0.401273996     -0.177994475      -5.21845035E-02
   4.32159376     -0.537947357     -0.403352439     -0.180943176      -5.53281493E-02
   4.37669516     -0.536688983     -0.405448586     -0.183857575      -5.84264621E-02
   4.43179703     -0.535461009     -0.407512248     -0.186714232      -6.14669062E-02
   4.48689842     -0.534251034     -0.409531623     -0.189508349      -6.44478872E-02
   4.54200029     -0.533030868     -0.411477029     -0.192226142      -6.73623532E-02
   4.59710169     -0.531895339     -0.413453132     -0.194919989      -7.02429786E-02
   4.65220356     -0.530755520     -0.415364116     -0.197543457      -7.30629712E-02
   4.70730495     -0.529704392     -0.417313635     -0.200148404      -7.58548006E-02
   4.76240683     -0.528645039     -0.419195801     -0.202683151      -7.85882547E-02
   4.81750822     -0.527619898     -0.421058476     -0.205171898      -8.12790170E-02
   4.87260962     -0.526597083     -0.422866791     -0.207597911      -8.39177966E-02
   4.92771149     -0.525625050     -0.424676120     -0.209989041      -8.65226090E-02
   4.98281288     -0.524704278     -0.426487952     -0.212346479      -8.90951678E-02
   5.03791475     -0.523789883     -0.428252399     -0.214645848      -9.16212872E-02
   5.09301615     -0.522909462     -0.430001408     -0.216903314      -9.41118002E-02
   5.14811802     -0.522081375     -0.431756705     -0.219129890      -9.65744406E-02
   5.20321941     -0.521252871     -0.433458567     -0.221296266      -9.89916325E-02
   5.25832129     -0.520426333     -0.435110033     -0.223404229     -0.101365082    
   5.31342268     -0.519655466     -0.436773509     -0.225484759     -0.103715099    
   5.36852455     -0.518924475     -0.438431323     -0.227529302     -0.106037028    
   5.42362595     -0.518187284     -0.440030754     -0.229512006     -0.108314954    
   5.47872782     -0.517475903     -0.441609263     -0.231451496     -0.110561341    
   5.53382921     -0.516834497     -0.443218529     -0.233373195     -0.112793319    
   5.58893061     -0.516166568     -0.444746882     -0.235222459     -0.114975944    
   5.64403248     -0.515534937     -0.446267664     -0.237035349     -0.117133148    
   5.69913387     -0.514916718     -0.447754741     -0.238799170     -0.119257092    
   5.75423574     -0.514352798     -0.449256122     -0.240537360     -0.121363759    
   5.80933714     -0.513798952     -0.450720549     -0.242225066     -0.123437129    
   5.86443901     -0.513225257     -0.452113479     -0.243845806     -0.125466347    
   5.91954041     -0.512643278     -0.453448772     -0.245406613     -0.127456233    
   5.97464228     -0.512212694     -0.454913467     -0.246997029     -0.129468232    
   6.02974367     -0.511705339     -0.456241190     -0.248489723     -0.131415784    
   6.08484554     -0.511229038     -0.457558542     -0.249945357     -0.133340552    
   6.13994694     -0.510783911     -0.458865911     -0.251364201     -0.135243014    
   6.19504881     -0.510348976     -0.460139334     -0.252735108     -0.137115568    
   6.25015020     -0.509927154     -0.461382657     -0.254060090     -0.138959765    
   6.30525160     -0.509518743     -0.462596625     -0.255339742     -0.140776083    
   6.36035347     -0.509124339     -0.463782519     -0.256574899     -0.142565191    
   6.41545486     -0.508741736     -0.464938313     -0.257764935     -0.144326612    
   6.47055674     -0.508394539     -0.466091871     -0.258922786     -0.146069899    
   6.52565813     -0.508074462     -0.467234075     -0.260044426     -0.147792220    
   6.58076000     -0.507734537     -0.468311071     -0.261105895     -0.149475694    
   6.63586140     -0.507414699     -0.469369829     -0.262128770     -0.151136220    
   6.69096327     -0.507109046     -0.470403999     -0.263110578     -0.152771860    
   6.74606466     -0.506822348     -0.471419692     -0.264054358     -0.154384822    
   6.80116653     -0.506502032     -0.472357213     -0.264934391     -0.155955017    
   6.85626793     -0.506246448     -0.473330140     -0.265800804     -0.157521084    
   6.91136932     -0.505995810     -0.474270493     -0.266624212     -0.159060121    
   6.96647120     -0.505731046     -0.475157261     -0.267396212     -0.160565063    
   7.02157259     -0.505509734     -0.476056814     -0.268145651     -0.162058666    
   7.07667446     -0.505261540     -0.476889759     -0.268839329     -0.163513958    
   7.13177586     -0.505034983     -0.477712095     -0.269501507     -0.164950147    
   7.18687773     -0.504823685     -0.478517175     -0.270129830     -0.166365087    
   7.24197912     -0.504627228     -0.479305357     -0.270724893     -0.167759016    
   7.29708099     -0.504449248     -0.480081230     -0.271289110     -0.169133633    
   7.35218239     -0.504236102     -0.480785489     -0.271798998     -0.170468628    
   7.40728426     -0.504084170     -0.481527001     -0.272299111     -0.171801537    
   7.46238565     -0.503894866     -0.482196003     -0.272746027     -0.173094705    
   7.51748753     -0.503725171     -0.482857168     -0.273166180     -0.174370468    
   7.57258892     -0.503569126     -0.483504415     -0.273557693     -0.175626859    
   7.62769032     -0.503426790     -0.484138638     -0.273921430     -0.176864266    
   7.68279219     -0.503304064     -0.484766901     -0.274260640     -0.178085253    
   7.73789358     -0.503152907     -0.485336959     -0.274555981     -0.179271847    
   7.79299545     -0.502995670     -0.485874385     -0.274818063     -0.180432960    
   7.84809685     -0.502906561     -0.486461461     -0.275078237     -0.181597188    
   7.90319872     -0.502781689     -0.486984730     -0.275294602     -0.182725355    
   7.95830011     -0.502670348     -0.487498879     -0.275488198     -0.183836505    
   8.01340199     -0.502558172     -0.487989098     -0.275654197     -0.184925586    
   8.06850338     -0.502430499     -0.488440156     -0.275787771     -0.185987428    
   8.12360477     -0.502334476     -0.488903850     -0.275908202     -0.187040091    
   8.17870712     -0.502244353     -0.489353031     -0.276006162     -0.188074261    
   8.23380852     -0.502160132     -0.489788204     -0.276082456     -0.189090207    
   8.28890991     -0.502062142     -0.490188777     -0.276130497     -0.190080926    
   8.34401131     -0.501977026     -0.490584195     -0.276161164     -0.191056713    
   8.39911270     -0.501903594     -0.490973800     -0.276174694     -0.192017451    
   8.45421505     -0.501787663     -0.491300106     -0.276152223     -0.192943349    
   8.50931644     -0.501737118     -0.491679192     -0.276133448     -0.193874702    
   8.56441784     -0.501680970     -0.492035657     -0.276093364     -0.194785506    
   8.61951923     -0.501583099     -0.492331594     -0.276020259     -0.195662782    
   8.67462158     -0.501530290     -0.492660075     -0.275945216     -0.196538836    
   8.72972298     -0.501486599     -0.492983192     -0.275856197     -0.197400659    
   8.78482437     -0.501419604     -0.493267238     -0.275742888     -0.198236719    
   8.83992577     -0.501363754     -0.493549138     -0.275617659     -0.199059904    
   8.89502811     -0.501319468     -0.493829846     -0.275481284     -0.199870661    
   8.95012951     -0.501227140     -0.494047046     -0.275314718     -0.200647652    
   9.00523090     -0.501195967     -0.494316220     -0.275154471     -0.201430723    
   9.06033230     -0.501161695     -0.494570047     -0.274979949     -0.202196851    
   9.11543369     -0.501098394     -0.494781911     -0.274783522     -0.202937007    
   9.17053604     -0.501074731     -0.495024174     -0.274587631     -0.203676164    
   9.22563744     -0.501009345     -0.495212078     -0.274367154     -0.204385385    
   9.28073883     -0.500950158     -0.495396197     -0.274137795     -0.205082133    
   9.33584023     -0.500946105     -0.495627910     -0.273914963     -0.205784068    
   9.39094257     -0.500917077     -0.495824009     -0.273674458     -0.206462890    
   9.44604397     -0.500878930     -0.496001393     -0.273421705     -0.207124487    
   9.50114536     -0.500847638     -0.496177107     -0.273162067     -0.207774833    
   9.55624676     -0.500768661     -0.496294856     -0.272879779     -0.208394900    
   9.61134815     -0.500751555     -0.496468663     -0.272607803     -0.209023565    
   9.66645050     -0.500737607     -0.496637821     -0.272329062     -0.209640324    
   9.72155190     -0.500703692     -0.496778786     -0.272037238     -0.210237294    
   9.77665329     -0.500661910     -0.496904433     -0.271736383     -0.210819036    
   9.83175468     -0.500670791     -0.497075289     -0.271443576     -0.211406067    
   9.88685703     -0.500625789     -0.497183949     -0.271129340     -0.211962298    
   9.94195843     -0.500624835     -0.497331530     -0.270821869     -0.212521896    
   9.99705982     -0.500582039     -0.497429878     -0.270497352     -0.213055387    
   10.0521612     -0.500561178     -0.497544885     -0.270173967     -0.213584989    
   10.1072636     -0.500539124     -0.497652918     -0.269845575     -0.214102939    
   10.1623650     -0.500519931     -0.497758508     -0.269513696     -0.214610860    
   10.2174664     -0.500499129     -0.497857124     -0.269177318     -0.215107352    
   10.2725677     -0.500479281     -0.497951746     -0.268837512     -0.215593547    
   10.3276691     -0.500462174     -0.498044282     -0.268494993     -0.216070205    
   10.3827715     -0.500448346     -0.498135567     -0.268150210     -0.216537729    
   10.4378729     -0.500429869     -0.498217613     -0.267801315     -0.216993585    
   10.4929743     -0.500412822     -0.498296946     -0.267450184     -0.217440054    
   10.5480757     -0.500398636     -0.498375028     -0.267097473     -0.217877761    
   10.6031780     -0.500386894     -0.498451680     -0.266743273     -0.218306765    
   10.6582794     -0.500371873     -0.498521209     -0.266386330     -0.218725294    
   10.7133808     -0.500359714     -0.498590052     -0.266028464     -0.219135612    
   10.7684822     -0.500347972     -0.498655885     -0.265669316     -0.219537035    
   10.8235846     -0.500333846     -0.498715967     -0.265308321     -0.219928816    
   10.8786860     -0.500322342     -0.498775542     -0.264947027     -0.220312804    
   10.9337873     -0.500313461     -0.498834699     -0.264585555     -0.220689118    
   10.9888887     -0.500301659     -0.498887986     -0.264222741     -0.221056089    
   11.0439901     -0.500290275     -0.498938859     -0.263859600     -0.221414983    
   11.0990925     -0.500280857     -0.498989046     -0.263496697     -0.221766472    
   11.1541939     -0.500272870     -0.499038160     -0.263134062     -0.222110540    
   11.2092953     -0.500261664     -0.499081522     -0.262770742     -0.222445771    
   11.2643967     -0.500256717     -0.499128819     -0.262409180     -0.222775429    
   11.3194990     -0.500247478     -0.499169558     -0.262046993     -0.223096222    
   11.3746004     -0.500241101     -0.499210984     -0.261686027     -0.223410606    
   11.4297018     -0.500231683     -0.499247313     -0.261325032     -0.223716840    
   11.4848032     -0.500225902     -0.499285281     -0.260965735     -0.224017173    
   11.5399055     -0.500218809     -0.499320030     -0.260607094     -0.224310160    
   11.5950069     -0.500211358     -0.499352604     -0.260249466     -0.224596262    
   11.6501083     -0.500205338     -0.499384850     -0.259893388     -0.224876136    
   11.7052097     -0.500200093     -0.499416232     -0.259538829     -0.225149751    
   11.7603111     -0.500191152     -0.499442279     -0.259184837     -0.225415781    
   11.8154135     -0.500187874     -0.499472469     -0.258833706     -0.225677326    
   11.8705149     -0.500179887     -0.499496490     -0.258483171     -0.225931212    
   11.9256163     -0.500173688     -0.499520898     -0.258134782     -0.226179644    
   11.9807177     -0.500168383     -0.499544829     -0.257788479     -0.226422414    
   12.0358200     -0.500164032     -0.499568492     -0.257444352     -0.226659700    
   12.0909214     -0.500160515     -0.499591708     -0.257102460     -0.226891533    
   12.1460228     -0.500158310     -0.499615043     -0.256762952     -0.227118194    
   12.2011242     -0.500151038     -0.499632210     -0.256424487     -0.227337793    
   12.2562265     -0.500149846     -0.499654412     -0.256089747     -0.227553964    
   12.3113279     -0.500143528     -0.499670416     -0.255756110     -0.227763236    
   12.3664293     -0.500138462     -0.499686688     -0.255425215     -0.227967769    
   12.4215307     -0.500134051     -0.499702632     -0.255096942     -0.228167444    
   12.4766321     -0.500130296     -0.499718368     -0.254771411     -0.228362381    
   12.5317345     -0.500127256     -0.499733955     -0.254448622     -0.228552684    
   12.5868359     -0.500124753     -0.499749243     -0.254128665     -0.228738412    
   12.6419373     -0.500123441     -0.499764949     -0.253811687     -0.228919834    
   12.6970387     -0.500116765     -0.499774545     -0.253496230     -0.229095057    
   12.7521410     -0.500116050     -0.499789298     -0.253184974     -0.229267627    
   12.8072424     -0.500115514     -0.499803603     -0.252876639     -0.229435891    
   12.8623438     -0.500109613     -0.499811888     -0.252569973     -0.229598209    
   12.9174452     -0.500106692     -0.499822468     -0.252266943     -0.229757234    
   12.9725475     -0.500106514     -0.499835283     -0.251967549     -0.229913011    
   13.0276489     -0.500102103     -0.499843210     -0.251670182     -0.230063438    
   13.0827503     -0.500098825     -0.499851704     -0.251376152     -0.230210274    
   13.1378517     -0.500095904     -0.499860048     -0.251085281     -0.230353355    
   13.1929531     -0.500093400     -0.499868304     -0.250797600     -0.230492786    
   13.2480555     -0.500091314     -0.499876529     -0.250513196     -0.230628639    
   13.3031569     -0.500089645     -0.499884665     -0.250232011     -0.230760992    
   13.3582582     -0.500088334     -0.499892741     -0.249954119     -0.230889916    
   13.4133596     -0.500087380     -0.499900758     -0.249679506     -0.231015459    
   13.4684620     -0.500087202     -0.499909073     -0.249408275     -0.231137827    
   13.5235634     -0.500084162     -0.499914199     -0.249139607     -0.231256008    
   13.5786648     -0.500081658     -0.499919504     -0.248874322     -0.231371105    
   13.6337662     -0.500078142     -0.499923438     -0.248612046     -0.231482714    
   13.6888685     -0.500077128     -0.499929547     -0.248353630     -0.231591970    
   13.7439699     -0.500078678     -0.499937892     -0.248099074     -0.231698930    
   13.7990713     -0.500074565     -0.499940246     -0.247846454     -0.231801197    
   13.8541727     -0.500070632     -0.499942482     -0.247597158     -0.231900617    
   13.9092741     -0.500072062     -0.499949783     -0.247352391     -0.231998771    
   13.9643764     -0.500068724     -0.499952108     -0.247109786     -0.232092723    
   14.0194778     -0.500069082     -0.499957860     -0.246871337     -0.232185051    
   14.0745792     -0.500067353     -0.499961257     -0.246635646     -0.232274085    
   14.1296806     -0.500066280     -0.499965042     -0.246403366     -0.232360691    
   14.1847830     -0.500064850     -0.499968320     -0.246174291     -0.232444659    
   14.2398844     -0.500063479     -0.499971420     -0.245948464     -0.232526138    
   14.2949858     -0.500062406     -0.499974579     -0.245725930     -0.232605264    
   14.3500872     -0.500060916     -0.499977142     -0.245506540     -0.232681900    
   14.4051886     -0.500060141     -0.499980271     -0.245290533     -0.232756406    
   14.4602909     -0.500058889     -0.499982744     -0.245077610     -0.232828498    
   14.5153923     -0.500057518     -0.499984860     -0.244867846     -0.232898325    
   14.5704937     -0.500056624     -0.499987334     -0.244661361     -0.232966125    
   14.6255951     -0.500055313     -0.499989271     -0.244457945     -0.233031690    
   14.6806974     -0.500054777     -0.499991804     -0.244257823     -0.233095407    
   14.7357988     -0.500053704     -0.499993622     -0.244060695     -0.233156919    
   14.7909002     -0.500052869     -0.499995619     -0.243866727     -0.233216554    
   14.8460016     -0.500051856     -0.499997228     -0.243675783     -0.233274177    
   14.9011040     -0.500050843     -0.499998808     -0.243487895     -0.233329952    
   14.9562054     -0.500050068     -0.500000417     -0.243303061     -0.233383909    
   15.0113068     -0.500049293     -0.500001967     -0.243121251     -0.233436093    
   15.0664082     -0.500048220     -0.500003099     -0.242942348     -0.233486459    
   15.1215096     -0.500047684     -0.500004649     -0.242766514     -0.233535230    
   15.1766119     -0.500046730     -0.500005722     -0.242593512     -0.233582228    
   15.2317133     -0.500045955     -0.500006855     -0.242423445     -0.233627647    
   15.2868147     -0.500045419     -0.500008106     -0.242256284     -0.233671531    
   15.3419161     -0.500044346     -0.500008821     -0.242091849     -0.233713716    
   15.3970184     -0.500043869     -0.500010014     -0.241930380     -0.233754560    
   15.4521198     -0.500043035     -0.500010729     -0.241771579     -0.233793825    
   15.5072212     -0.500042200     -0.500011444     -0.241615549     -0.233831659    
   15.5623226     -0.500041544     -0.500012219     -0.241462275     -0.233868122    
   15.6174250     -0.500040948     -0.500012994     -0.241311699     -0.233903244    
   15.6725264     -0.500040472     -0.500013888     -0.241163820     -0.233937070    
   15.7276278     -0.500039816     -0.500014424     -0.241018504     -0.233969525    
   15.7827291     -0.500038803     -0.500014603     -0.240875706     -0.234000638    
   15.8378305     -0.500038505     -0.500015438     -0.240735635     -0.234030694    
   15.8929329     -0.500037909     -0.500015914     -0.240598023     -0.234059468    
   15.9480343     -0.500037253     -0.500016332     -0.240462884     -0.234087050    
   16.0031357     -0.500036716     -0.500016749     -0.240330234     -0.234113529    
   16.0582371     -0.500036240     -0.500017226     -0.240200043     -0.234138906    
   16.1133385     -0.500035703     -0.500017583     -0.240072221     -0.234163195    
   16.1684399     -0.500034928     -0.500017703     -0.239946708     -0.234186351    
   16.2235432     -0.500034511     -0.500018060     -0.239823580     -0.234208569    
   16.2786446     -0.500034034     -0.500018358     -0.239702761     -0.234229773    
   16.3337460     -0.500033617     -0.500018656     -0.239584208     -0.234250024    
   16.3888474     -0.500032842     -0.500018656     -0.239467800     -0.234269246    
   16.4439487     -0.500032902     -0.500019312     -0.239353776     -0.234287754    
   16.4990501     -0.500031888     -0.500018954     -0.239241645     -0.234305069    
   16.5541515     -0.500031412     -0.500019133     -0.239131793     -0.234321669    
   16.6092529     -0.500031054     -0.500019312     -0.239024043     -0.234337449    
   16.6643543     -0.500030696     -0.500019550     -0.238918364     -0.234352410    
   16.7194576     -0.500030518     -0.500019848     -0.238814741     -0.234366611    
   16.7745590     -0.500029981     -0.500019848     -0.238713041     -0.234379932    
   16.8296604     -0.500029564     -0.500019908     -0.238613307     -0.234392539    
   16.8847618     -0.500029147     -0.500019908     -0.238515511     -0.234404385    
   16.9398632     -0.500028431     -0.500019670     -0.238419533     -0.234415457    
   16.9949646     -0.500028372     -0.500020027     -0.238325581     -0.234426007    
   17.0500660     -0.500027895     -0.500019908     -0.238233343     -0.234435767    
   17.1051674     -0.500027418     -0.500019848     -0.238142908     -0.234444857    
   17.1602688     -0.500026941     -0.500019729     -0.238054261     -0.234453335    
   17.2153721     -0.500026762     -0.500019848     -0.237967387     -0.234461248    
   17.2704735     -0.500026584     -0.500020087     -0.237882257     -0.234468594    
   17.3255749     -0.500025868     -0.500019670     -0.237798631     -0.234475181    
   17.3806763     -0.500025690     -0.500019729     -0.237716794     -0.234481350    
   17.4357777     -0.500025451     -0.500019789     -0.237636566     -0.234486967    
   17.4908791     -0.500025332     -0.500019908     -0.237557933     -0.234492093    
   17.5459805     -0.500024617     -0.500019491     -0.237480730     -0.234496534    
   17.6010818     -0.500024498     -0.500019610     -0.237405181     -0.234500632    
   17.6561852     -0.500024438     -0.500019789     -0.237331137     -0.234504253    
   17.7112865     -0.500023782     -0.500019312     -0.237258419     -0.234507263    
   17.7663879     -0.500023365     -0.500019133     -0.237187207     -0.234509870    
   17.8214893     -0.500023246     -0.500019193     -0.237117469     -0.234512120    
   17.8765907     -0.500023007     -0.500019133     -0.237049103     -0.234513924    
   17.9316921     -0.500022769     -0.500019133     -0.236982092     -0.234515324    
   17.9867935     -0.500022352     -0.500018895     -0.236916348     -0.234516248    
   18.0418949     -0.500021875     -0.500018597     -0.236851916     -0.234516785    
   18.0969963     -0.500022054     -0.500018954     -0.236788929     -0.234517127    
   18.1520996     -0.500021756     -0.500018775     -0.236727059     -0.234516978    
   18.2072010     -0.500021458     -0.500018597     -0.236666426     -0.234516472    
   18.2623024     -0.500021219     -0.500018477     -0.236607000     -0.234515637    
   18.3174038     -0.500020921     -0.500018358     -0.236548766     -0.234514490    
   18.3725052     -0.500020742     -0.500018239     -0.236491695     -0.234513044    
   18.4276066     -0.500020623     -0.500018239     -0.236435771     -0.234511301    
   18.4827080     -0.500020027     -0.500017762     -0.236380845     -0.234509155    
   18.5378094     -0.500019729     -0.500017583     -0.236327082     -0.234506786    
   18.5929108     -0.500019610     -0.500017583     -0.236274436     -0.234504223    
   18.6480141     -0.500019550     -0.500017643     -0.236222833     -0.234501392    
   18.7031155     -0.500018954     -0.500017107     -0.236172125     -0.234498173    
   18.7582169     -0.500018954     -0.500017226     -0.236122563     -0.234494865    
   18.8133183     -0.500018775     -0.500017166     -0.236073956     -0.234491289    
   18.8684196     -0.500018418     -0.500016809     -0.236026227     -0.234487414    
   18.9235210     -0.500018239     -0.500016689     -0.235979497     -0.234483376    
   18.9786224     -0.500018001     -0.500016570     -0.235933676     -0.234479129    
   19.0337238     -0.500017703     -0.500016332     -0.235888734     -0.234474659    
   19.0888271     -0.500017703     -0.500016391     -0.235844761     -0.234470084    
   19.1439285     -0.500017345     -0.500016093     -0.235801533     -0.234465197    
   19.1990299     -0.500017464     -0.500016272     -0.235759288     -0.234460294    
   19.2541313     -0.500017047     -0.500015914     -0.235717744     -0.234455064    
   19.3092327     -0.500016749     -0.500015676     -0.235677019     -0.234449700    
   19.3643341     -0.500016868     -0.500015855     -0.235637203     -0.234444320    
   19.4194355     -0.500016451     -0.500015497     -0.235598028     -0.234438628    
   19.4745369     -0.500016153     -0.500015259     -0.235559627     -0.234432817    
   19.5296383     -0.500015795     -0.500014901     -0.235521942     -0.234426856    
   19.5847416     -0.500015974     -0.500015140     -0.235485137     -0.234420910    
   19.6398430     -0.500015855     -0.500015080     -0.235448971     -0.234414756    
   19.6949444     -0.500015557     -0.500014842     -0.235413447     -0.234408453    
   19.7500458     -0.500015378     -0.500014663     -0.235378623     -0.234402046    
   19.8051472     -0.500015140     -0.500014484     -0.235344470     -0.234395534    
   19.8602486     -0.500014961     -0.500014305     -0.235310957     -0.234388933    
   19.9153500     -0.500014782     -0.500014126     -0.235278100     -0.234382242    
   19.9704514     -0.500014603     -0.500014007     -0.235245869     -0.234375447    
   20.0255527     -0.500014484     -0.500013888     -0.235214248     -0.234368578    
   20.0806561     -0.500014365     -0.500013828     -0.235183224     -0.234361649    
   20.1357574     -0.500014246     -0.500013709     -0.235152796     -0.234354630    
   20.1908588     -0.500014126     -0.500013649     -0.235122934     -0.234347537    
   20.2459602     -0.500014067     -0.500013590     -0.235093638     -0.234340400    
   20.3010616     -0.500014007     -0.500013590     -0.235064894     -0.234333187    
   20.3561630     -0.500013947     -0.500013530     -0.235036686     -0.234325930    
   20.4112644     -0.500013947     -0.500013530     -0.235009000     -0.234318614    
   20.4663658     -0.500013888     -0.500013530     -0.234981835     -0.234311253    
   20.5214691     -0.500013888     -0.500013530     -0.234955177     -0.234303847    
   20.5765705     -0.500013888     -0.500013590     -0.234929010     -0.234296396    
   20.6316719     -0.500013947     -0.500013590     -0.234903336     -0.234288916    
   20.6867733     -0.500014007     -0.500013649     -0.234878123     -0.234281391    
   20.7418747     -0.500014007     -0.500013709     -0.234853372     -0.234273836    
   20.7969761     -0.500014126     -0.500013828     -0.234829068     -0.234266266    
   20.8520775     -0.500014186     -0.500013888     -0.234805211     -0.234258667    
   20.9071789     -0.500014246     -0.500014007     -0.234781787     -0.234251037    
   20.9622803     -0.500014365     -0.500014126     -0.234758794     -0.234243393    
   21.0173836     -0.500014484     -0.500014246     -0.234736204     -0.234235734    
   21.0724850     -0.500014603     -0.500014424     -0.234714031     -0.234228060    
   21.1275864     -0.500014782     -0.500014544     -0.234692246     -0.234220386    
   21.1826878     -0.500014901     -0.500014722     -0.234670848     -0.234212682    
   21.2377892     -0.500015080     -0.500014901     -0.234649837     -0.234204993    
   21.2928905     -0.500015259     -0.500015080     -0.234629184     -0.234197289    
   21.3479919     -0.500015438     -0.500015318     -0.234608904     -0.234189585    
   21.4030933     -0.500015676     -0.500015497     -0.234588981     -0.234181881    
   21.4581947     -0.500015855     -0.500015736     -0.234569401     -0.234174177    
   21.5132980     -0.500016093     -0.500015974     -0.234550178     -0.234166473    
   21.5683994     -0.500016332     -0.500016212     -0.234531268     -0.234158784    
   21.6235008     -0.500016570     -0.500016451     -0.234512702     -0.234151095    
   21.6786022     -0.500016868     -0.500016749     -0.234494433     -0.234143421    
   21.7337036     -0.500017107     -0.500016987     -0.234476492     -0.234135762    
   21.7888050     -0.500017405     -0.500017285     -0.234458864     -0.234128118    
   21.8439064     -0.500017703     -0.500017583     -0.234441519     -0.234120488    
   21.8990078     -0.500018001     -0.500017881     -0.234424487     -0.234112874    
   21.9541092     -0.500018299     -0.500018179     -0.234407723     -0.234105274    
   22.0092125     -0.500018597     -0.500018537     -0.234391257     -0.234097689    
   22.0643139     -0.500018954     -0.500018835     -0.234375045     -0.234090120    
   22.1194153     -0.500019252     -0.500019193     -0.234359115     -0.234082595    
   22.1745167     -0.500019610     -0.500019550     -0.234343454     -0.234075069    
   22.2296181     -0.500019968     -0.500019908     -0.234328046     -0.234067574    
   22.2847195     -0.500020325     -0.500020266     -0.234312892     -0.234060109    
   22.3398209     -0.500020683     -0.500020623     -0.234297991     -0.234052673    
   22.3949223     -0.500021100     -0.500021040     -0.234283328     -0.234045267    
   22.4500256     -0.500021458     -0.500021398     -0.234268889     -0.234037876    
   22.5051270     -0.500021875     -0.500021815     -0.234254703     -0.234030530    
   22.5602283     -0.500022292     -0.500022233     -0.234240741     -0.234023198    
   22.6153297     -0.500022709     -0.500022650     -0.234226987     -0.234015912    
   22.6704311     -0.500023127     -0.500023067     -0.234213471     -0.234008655    
   22.7255325     -0.500023544     -0.500023484     -0.234200165     -0.234001428    
   22.7806339     -0.500024021     -0.500023961     -0.234187067     -0.233994231    
   22.8357353     -0.500024438     -0.500024378     -0.234174162     -0.233987063    
   22.8908367     -0.500024915     -0.500024855     -0.234161481     -0.233979940    
   22.9459400     -0.500025392     -0.500025332     -0.234148979     -0.233972847    
   23.0010414     -0.500025868     -0.500025809     -0.234136686     -0.233965799    
   23.0561428     -0.500026345     -0.500026286     -0.234124571     -0.233958781    
   23.1112442     -0.500026822     -0.500026762     -0.234112635     -0.233951807    
   23.1663456     -0.500027299     -0.500027239     -0.234100893     -0.233944863    
   23.2214470     -0.500027776     -0.500027776     -0.234089330     -0.233937949    
   23.2765484     -0.500028312     -0.500028253     -0.234077945     -0.233931094    
   23.3316498     -0.500028849     -0.500028789     -0.234066725     -0.233924270    
   23.3867512     -0.500029325     -0.500029325     -0.234055668     -0.233917475    
   23.4418545     -0.500029862     -0.500029862     -0.234044790     -0.233910725    
   23.4969559     -0.500030398     -0.500030398     -0.234034061     -0.233904019    
   23.5520573     -0.500030935     -0.500030935     -0.234023497     -0.233897358    
   23.6071587     -0.500031531     -0.500031471     -0.234013081     -0.233890727    
   23.6622601     -0.500032067     -0.500032067     -0.234002829     -0.233884141    
   23.7173615     -0.500032604     -0.500032604     -0.233992711     -0.233877599    
   23.7724628     -0.500033200     -0.500033200     -0.233982757     -0.233871102    
   23.8275642     -0.500033736     -0.500033736     -0.233972937     -0.233864635    
   23.8826675     -0.500034332     -0.500034332     -0.233963251     -0.233858228    
   23.9377689     -0.500034928     -0.500034928     -0.233953714     -0.233851850    
   23.9928703     -0.500035524     -0.500035524     -0.233944312     -0.233845517    
   24.0479717     -0.500036120     -0.500036120     -0.233935043     -0.233839229    
   24.1030731     -0.500036716     -0.500036716     -0.233925909     -0.233832970    
   24.1581745     -0.500037313     -0.500037313     -0.233916894     -0.233826771    
   24.2132759     -0.500037968     -0.500037968     -0.233908013     -0.233820602    
   24.2683773     -0.500038564     -0.500038564     -0.233899236     -0.233814478    
   24.3234787     -0.500039220     -0.500039220     -0.233890608     -0.233808398    
   24.3785820     -0.500039816     -0.500039816     -0.233882084     -0.233802363    
   24.4336834     -0.500040472     -0.500040472     -0.233873680     -0.233796373    
   24.4887848     -0.500041127     -0.500041127     -0.233865380     -0.233790427    
   24.5438862     -0.500041783     -0.500041783     -0.233857200     -0.233784527    
   24.5989876     -0.500042439     -0.500042439     -0.233849138     -0.233778656    
   24.6540890     -0.500043094     -0.500043094     -0.233841181     -0.233772829    
   24.7091904     -0.500043750     -0.500043750     -0.233833328     -0.233767062    
   24.7642918     -0.500044405     -0.500044405     -0.233825579     -0.233761325    
   24.8193932     -0.500045121     -0.500045121     -0.233817935     -0.233755633    
   24.8744965     -0.500045776     -0.500045776     -0.233810380     -0.233749971    
   24.9295979     -0.500046492     -0.500046492     -0.233802930     -0.233744368    
   24.9846992     -0.500047147     -0.500047147     -0.233795583     -0.233738810    
   25.0398006     -0.500047863     -0.500047863     -0.233788341     -0.233733281    
   25.0949020     -0.500048578     -0.500048578     -0.233781174     -0.233727798    
   25.1500034     -0.500049233     -0.500049233     -0.233774111     -0.233722359    
   25.2051048     -0.500049949     -0.500049949     -0.233767137     -0.233716965    
   25.2602062     -0.500050664     -0.500050664     -0.233760253     -0.233711615    
   25.3153076     -0.500051379     -0.500051379     -0.233753443     -0.233706295    
   25.3704109     -0.500052094     -0.500052094     -0.233746737     -0.233701020    
   25.4255123     -0.500052869     -0.500052869     -0.233740106     -0.233695790    
   25.4806137     -0.500053585     -0.500053585     -0.233733565     -0.233690605    
   25.5357151     -0.500054300     -0.500054300     -0.233727098     -0.233685449    
   25.5908165     -0.500055075     -0.500055075     -0.233720720     -0.233680353    
   25.6459179     -0.500055790     -0.500055790     -0.233714417     -0.233675286    
   25.7010193     -0.500056565     -0.500056565     -0.233708188     -0.233670250    
   25.7561207     -0.500057280     -0.500057280     -0.233702034     -0.233665273    
   25.8112240     -0.500058055     -0.500058055     -0.233695969     -0.233660325    
   25.8663254     -0.500058830     -0.500058830     -0.233689964     -0.233655423    
   25.9214268     -0.500059605     -0.500059605     -0.233684033     -0.233650550    
   25.9765282     -0.500060380     -0.500060380     -0.233678177     -0.233645722    
   26.0316296     -0.500061154     -0.500061154     -0.233672395     -0.233640939    
   26.0867310     -0.500061929     -0.500061929     -0.233666688     -0.233636186    
   26.1418324     -0.500062704     -0.500062704     -0.233661041     -0.233631477    
   26.1969337     -0.500063479     -0.500063479     -0.233655453     -0.233626813    
   26.2520351     -0.500064254     -0.500064254     -0.233649939     -0.233622178    
   26.3071384     -0.500065029     -0.500065029     -0.233644485     -0.233617589    
   26.3622398     -0.500065863     -0.500065863     -0.233639106     -0.233613029    
   26.4173412     -0.500066638     -0.500066638     -0.233633786     -0.233608514    
   26.4724426     -0.500067472     -0.500067413     -0.233628526     -0.233604029    
   26.5275440     -0.500068247     -0.500068247     -0.233623326     -0.233599588    
   26.5826454     -0.500069082     -0.500069082     -0.233618185     -0.233595178    
   26.6377468     -0.500069857     -0.500069857     -0.233613104     -0.233590811    
   26.6928482     -0.500070691     -0.500070691     -0.233608082     -0.233586475    
   26.7479496     -0.500071526     -0.500071526     -0.233603120     -0.233582184    
   26.8030529     -0.500072360     -0.500072300     -0.233598217     -0.233577922    
   26.8581543     -0.500073135     -0.500073135     -0.233593360     -0.233573690    
   26.9132557     -0.500073969     -0.500073969     -0.233588561     -0.233569503    
   26.9683571     -0.500074804     -0.500074804     -0.233583823     -0.233565360    
   27.0234585     -0.500075638     -0.500075638     -0.233579129     -0.233561233    
   27.0785599     -0.500076473     -0.500076473     -0.233574495     -0.233557150    
   27.1336613     -0.500077307     -0.500077307     -0.233569905     -0.233553112    
   27.1887627     -0.500078201     -0.500078201     -0.233565375     -0.233549088    
   27.2438660     -0.500079036     -0.500079036     -0.233560890     -0.233545110    
   27.2989674     -0.500079870     -0.500079870     -0.233556449     -0.233541161    
   27.3540688     -0.500080764     -0.500080764     -0.233552068     -0.233537257    
   27.4091702     -0.500081599     -0.500081599     -0.233547732     -0.233533382    
   27.4642715     -0.500082433     -0.500082433     -0.233543441     -0.233529523    
   27.5193729     -0.500083327     -0.500083327     -0.233539194     -0.233525723    
   27.5744743     -0.500084162     -0.500084162     -0.233534992     -0.233521938    
   27.6295757     -0.500085056     -0.500085056     -0.233530834     -0.233518183    
   27.6846771     -0.500085950     -0.500085950     -0.233526722     -0.233514473    
   27.7397804     -0.500086784     -0.500086784     -0.233522668     -0.233510792    
   27.7948818     -0.500087678     -0.500087678     -0.233518645     -0.233507141    
   27.8499832     -0.500088573     -0.500088573     -0.233514667     -0.233503520    
   27.9050846     -0.500089467     -0.500089467     -0.233510733     -0.233499929    
   27.9601860     -0.500090301     -0.500090301     -0.233506829     -0.233496368    
   28.0152874     -0.500091195     -0.500091195     -0.233502984     -0.233492851    
   28.0703888     -0.500092089     -0.500092089     -0.233499169     -0.233489349    
   28.1254902     -0.500092983     -0.500092983     -0.233495384     -0.233485878    
   28.1805916     -0.500093877     -0.500093877     -0.233491659     -0.233482450    
   28.2356949     -0.500094771     -0.500094771     -0.233487964     -0.233479038    
   28.2907963     -0.500095665     -0.500095665     -0.233484313     -0.233475670    
   28.3458977     -0.500096619     -0.500096619     -0.233480692     -0.233472317    
   28.4009991     -0.500097513     -0.500097513     -0.233477101     -0.233468994    
   28.4561005     -0.500098407     -0.500098407     -0.233473569     -0.233465701    
   28.5112019     -0.500099301     -0.500099301     -0.233470052     -0.233462438    
   28.5663033     -0.500100255     -0.500100255     -0.233466581     -0.233459204    
   28.6214046     -0.500101149     -0.500101149     -0.233463153     -0.233456001    
   28.6765079     -0.500102043     -0.500102043     -0.233459741     -0.233452827    
   28.7316093     -0.500102997     -0.500102997     -0.233456388     -0.233449683    
   28.7867107     -0.500103891     -0.500103891     -0.233453050     -0.233446553    
   28.8418121     -0.500104845     -0.500104845     -0.233449757     -0.233443469    
   28.8969135     -0.500105739     -0.500105739     -0.233446479     -0.233440399    
   28.9520149     -0.500106692     -0.500106692     -0.233443245     -0.233437359    
   29.0071163     -0.500107646     -0.500107646     -0.233440056     -0.233434334    
   29.0622177     -0.500108540     -0.500108540     -0.233436882     -0.233431354    
   29.1173191     -0.500109494     -0.500109494     -0.233433753     -0.233428389    
   29.1724224     -0.500110447     -0.500110447     -0.233430639     -0.233425453    
   29.2275238     -0.500111341     -0.500111341     -0.233427569     -0.233422548    
   29.2826252     -0.500112295     -0.500112295     -0.233424529     -0.233419657    
   29.3377266     -0.500113249     -0.500113249     -0.233421504     -0.233416796    
   29.3928280     -0.500114202     -0.500114202     -0.233418524     -0.233413965    
   29.4479294     -0.500115156     -0.500115156     -0.233415574     -0.233411148    
   29.5030308     -0.500116110     -0.500116110     -0.233412653     -0.233408362    
   29.5581322     -0.500117064     -0.500117064     -0.233409747     -0.233405605    
   29.6132336     -0.500118017     -0.500118017     -0.233406886     -0.233402863    
   29.6683369     -0.500118971     -0.500118971     -0.233404040     -0.233400151    
   29.7234383     -0.500119925     -0.500119925     -0.233401224     -0.233397454    
   29.7785397     -0.500120878     -0.500120878     -0.233398438     -0.233394787    
   29.8336411     -0.500121832     -0.500121832     -0.233395681     -0.233392149    
   29.8887424     -0.500122786     -0.500122786     -0.233392954     -0.233389527    
   29.9438438     -0.500123799     -0.500123799     -0.233390242     -0.233386934    
   29.9989452     -0.500124753     -0.500124753     -0.233387560     -0.233384356    
   30.0540466     -0.500125706     -0.500125706     -0.233384907     -0.233381808    
   30.1091480     -0.500126660     -0.500126660     -0.233382285     -0.233379275    
   30.1642513     -0.500127673     -0.500127673     -0.233379677     -0.233376771    
   30.2193527     -0.500128627     -0.500128627     -0.233377099     -0.233374283    
   30.2744541     -0.500129640     -0.500129640     -0.233374551     -0.233371809    
   30.3295555     -0.500130594     -0.500130594     -0.233372018     -0.233369365    
   30.3846569     -0.500131547     -0.500131547     -0.233369514     -0.233366951    
   30.4397583     -0.500132561     -0.500132561     -0.233367026     -0.233364552    
   30.4948597     -0.500133514     -0.500133514     -0.233364567     -0.233362168    
   30.5499611     -0.500134528     -0.500134528     -0.233362138     -0.233359814    
   30.6050644     -0.500135481     -0.500135481     -0.233359724     -0.233357474    
   30.6601658     -0.500136495     -0.500136495     -0.233357340     -0.233355150    
   30.7152672     -0.500137508     -0.500137508     -0.233354971     -0.233352855    
   30.7703686     -0.500138462     -0.500138462     -0.233352631     -0.233350575    
   30.8254700     -0.500139475     -0.500139475     -0.233350307     -0.233348325    
   30.8805714     -0.500140488     -0.500140488     -0.233347997     -0.233346090    
   30.9356728     -0.500141442     -0.500141442     -0.233345717     -0.233343869    
   30.9907742     -0.500142455     -0.500142455     -0.233343467     -0.233341664    
   31.0458755     -0.500143468     -0.500143468     -0.233341232     -0.233339489    
   31.1009789     -0.500144482     -0.500144482     -0.233339012     -0.233337328    
   31.1560802     -0.500145495     -0.500145495     -0.233336821     -0.233335182    
   31.2111816     -0.500146449     -0.500146449     -0.233334646     -0.233333066    
   31.2662830     -0.500147462     -0.500147462     -0.233332485     -0.233330965    
   31.3213844     -0.500148475     -0.500148475     -0.233330354     -0.233328879    
   31.3764858     -0.500149488     -0.500149488     -0.233328238     -0.233326808    
   31.4315872     -0.500150502     -0.500150502     -0.233326137     -0.233324751    
   31.4866886     -0.500151515     -0.500151515     -0.233324066     -0.233322725    
   31.5417900     -0.500152528     -0.500152528     -0.233322009     -0.233320713    
   31.5968933     -0.500153542     -0.500153542     -0.233319968     -0.233318716    
   31.6519947     -0.500154555     -0.500154555     -0.233317941     -0.233316734    
   31.7070961     -0.500155568     -0.500155568     -0.233315945     -0.233314767    
   31.7621975     -0.500156581     -0.500156581     -0.233313963     -0.233312815    
   31.8172989     -0.500157654     -0.500157654     -0.233311996     -0.233310893    
   31.8724003     -0.500158668     -0.500158668     -0.233310059     -0.233308986    
   31.9275017     -0.500159681     -0.500159681     -0.233308122     -0.233307093    
   31.9826031     -0.500160694     -0.500160694     -0.233306214     -0.233305216    
   32.0377045     -0.500161707     -0.500161707     -0.233304322     -0.233303353    
   32.0928078     -0.500162721     -0.500162721     -0.233302444     -0.233301505    
   32.1479073     -0.500163794     -0.500163794     -0.233300582     -0.233299673    
   32.2030106     -0.500164807     -0.500164807     -0.233298734     -0.233297855    
   32.2581100     -0.500165820     -0.500165820     -0.233296916     -0.233296067    
   32.3132133     -0.500166893     -0.500166893     -0.233295098     -0.233294278    
   32.3683167     -0.500167906     -0.500167906     -0.233293310     -0.233292505    
   32.4234161     -0.500168920     -0.500168920     -0.233291537     -0.233290762    
   32.4785194     -0.500169992     -0.500169992     -0.233289778     -0.233289018    
   32.5336189     -0.500171006     -0.500171006     -0.233288020     -0.233287305    
   32.5887222     -0.500172079     -0.500172079     -0.233286291     -0.233285591    
   32.6438217     -0.500173092     -0.500173092     -0.233284578     -0.233283907    
   32.6989250     -0.500174105     -0.500174105     -0.233282879     -0.233282223    
   32.7540283     -0.500175178     -0.500175178     -0.233281195     -0.233280569    
   32.8091278     -0.500176191     -0.500176191     -0.233279541     -0.233278915    
   32.8642311     -0.500177264     -0.500177264     -0.233277887     -0.233277291    
   32.9193306     -0.500178337     -0.500178337     -0.233276248     -0.233275667    
   32.9744339     -0.500179350     -0.500179350     -0.233274624     -0.233274058    
   33.0295334     -0.500180423     -0.500180423     -0.233273014     -0.233272478    
   33.0846367     -0.500181437     -0.500181437     -0.233271420     -0.233270898    
   33.1397362     -0.500182509     -0.500182509     -0.233269840     -0.233269334    
   33.1948395     -0.500183582     -0.500183582     -0.233268276     -0.233267784    
   33.2499428     -0.500184596     -0.500184596     -0.233266711     -0.233266249    
   33.3050423     -0.500185668     -0.500185668     -0.233265176     -0.233264714    
   33.3601456     -0.500186741     -0.500186741     -0.233263656     -0.233263209    
   33.4152451     -0.500187755     -0.500187755     -0.233262151     -0.233261719    
   33.4703484     -0.500188828     -0.500188828     -0.233260646     -0.233260229    
   33.5254478     -0.500189900     -0.500189900     -0.233259156     -0.233258754    
   33.5805511     -0.500190973     -0.500190973     -0.233257696     -0.233257309    
   33.6356506     -0.500191987     -0.500191987     -0.233256236     -0.233255863    
   33.6907539     -0.500193059     -0.500193059     -0.233254790     -0.233254433    
   33.7458572     -0.500194132     -0.500194132     -0.233253360     -0.233253002    
   33.8009567     -0.500195205     -0.500195205     -0.233251944     -0.233251601    
   33.8560600     -0.500196278     -0.500196278     -0.233250529     -0.233250201    
   33.9111595     -0.500197351     -0.500197351     -0.233249143     -0.233248815    
   33.9662628     -0.500198424     -0.500198424     -0.233247757     -0.233247444    
   34.0213623     -0.500199437     -0.500199437     -0.233246386     -0.233246088    
   34.0764656     -0.500200510     -0.500200510     -0.233245030     -0.233244747    
   34.1315651     -0.500201583     -0.500201583     -0.233243689     -0.233243406    
   34.1866684     -0.500202656     -0.500202656     -0.233242348     -0.233242080    
   34.2417717     -0.500203729     -0.500203729     -0.233241037     -0.233240768    
   34.2968712     -0.500204802     -0.500204802     -0.233239725     -0.233239472    
   34.3519745     -0.500205874     -0.500205874     -0.233238429     -0.233238176    
   34.4070740     -0.500206947     -0.500206947     -0.233237132     -0.233236894    
   34.4621773     -0.500208020     -0.500208020     -0.233235866     -0.233235627    
   34.5172768     -0.500209093     -0.500209093     -0.233234599     -0.233234376    
   34.5723801     -0.500210166     -0.500210166     -0.233233348     -0.233233139    
   34.6274796     -0.500211239     -0.500211239     -0.233232111     -0.233231902    
   34.6825829     -0.500212371     -0.500212371     -0.233230874     -0.233230680    
   34.7376862     -0.500213444     -0.500213444     -0.233229652     -0.233229458    
   34.7927856     -0.500214517     -0.500214517     -0.233228445     -0.233228266    
   34.8478889     -0.500215590     -0.500215590     -0.233227253     -0.233227074    
   34.9029884     -0.500216663     -0.500216663     -0.233226061     -0.233225882    
   34.9580917     -0.500217736     -0.500217736     -0.233224884     -0.233224720    
   35.0131912     -0.500218809     -0.500218809     -0.233223721     -0.233223557    
   35.0682945     -0.500219941     -0.500219941     -0.233222559     -0.233222410    
   35.1233940     -0.500221014     -0.500221014     -0.233221427     -0.233221263    
   35.1784973     -0.500222087     -0.500222087     -0.233220279     -0.233220130    
   35.2336006     -0.500223160     -0.500223160     -0.233219162     -0.233219013    
   35.2887001     -0.500224292     -0.500224292     -0.233218044     -0.233217910    
   35.3438034     -0.500225365     -0.500225365     -0.233216941     -0.233216807    
   35.3989029     -0.500226438     -0.500226438     -0.233215839     -0.233215705    
   35.4540062     -0.500227511     -0.500227511     -0.233214751     -0.233214632    
   35.5091057     -0.500228643     -0.500228643     -0.233213678     -0.233213559    
   35.5642090     -0.500229716     -0.500229716     -0.233212620     -0.233212501    
   35.6193085     -0.500230789     -0.500230789     -0.233211562     -0.233211443    
   35.6744118     -0.500231922     -0.500231922     -0.233210504     -0.233210400    
   35.7295151     -0.500232995     -0.500232995     -0.233209476     -0.233209357    
   35.7846146     -0.500234127     -0.500234127     -0.233208448     -0.233208343    
   35.8397179     -0.500235200     -0.500235200     -0.233207420     -0.233207315    
   35.8948174     -0.500236273     -0.500236273     -0.233206406     -0.233206317    
   35.9499207     -0.500237405     -0.500237405     -0.233205408     -0.233205318    
   36.0050201     -0.500238478     -0.500238478     -0.233204409     -0.233204320    
   36.0601234     -0.500239611     -0.500239611     -0.233203426     -0.233203337    
   36.1152267     -0.500240684     -0.500240684     -0.233202457     -0.233202368    
   36.1703262     -0.500241816     -0.500241816     -0.233201489     -0.233201399    
   36.2254295     -0.500242889     -0.500242889     -0.233200535     -0.233200446    
   36.2805290     -0.500244021     -0.500244021     -0.233199582     -0.233199507    
   36.3356323     -0.500245094     -0.500245094     -0.233198643     -0.233198568    
   36.3907318     -0.500246227     -0.500246227     -0.233197704     -0.233197629    
   36.4458351     -0.500247300     -0.500247300     -0.233196780     -0.233196720    
   36.5009346     -0.500248432     -0.500248432     -0.233195871     -0.233195797    
   36.5560379     -0.500249505     -0.500249505     -0.233194962     -0.233194903    
   36.6111412     -0.500250638     -0.500250638     -0.233194068     -0.233193994    
   36.6662407     -0.500251710     -0.500251710     -0.233193174     -0.233193114    
   36.7213440     -0.500252843     -0.500252843     -0.233192280     -0.233192220    
   36.7764435     -0.500253916     -0.500253916     -0.233191416     -0.233191356    
   36.8315468     -0.500255048     -0.500255048     -0.233190536     -0.233190492    
   36.8866463     -0.500256181     -0.500256181     -0.233189687     -0.233189628    
   36.9417496     -0.500257254     -0.500257254     -0.233188838     -0.233188778    
   36.9968491     -0.500258386     -0.500258386     -0.233187988     -0.233187944    
   37.0519524     -0.500259519     -0.500259519     -0.233187154     -0.233187109    
   37.1070557     -0.500260592     -0.500260592     -0.233186319     -0.233186275    
   37.1621552     -0.500261724     -0.500261724     -0.233185500     -0.233185455    
   37.2172585     -0.500262856     -0.500262856     -0.233184680     -0.233184636    
   37.2723579     -0.500263929     -0.500263929     -0.233183876     -0.233183831    
   37.3274612     -0.500265062     -0.500265062     -0.233183086     -0.233183041    
   37.3825607     -0.500266194     -0.500266194     -0.233182281     -0.233182251    
   37.4376640     -0.500267327     -0.500267327     -0.233181506     -0.233181462    
   37.4927635     -0.500268400     -0.500268400     -0.233180732     -0.233180687    
   37.5478668     -0.500269532     -0.500269532     -0.233179957     -0.233179912    
   37.6029701     -0.500270665     -0.500270665     -0.233179197     -0.233179152    
   37.6580696     -0.500271797     -0.500271797     -0.233178437     -0.233178407    
   37.7131729     -0.500272870     -0.500272870     -0.233177692     -0.233177647    
   37.7682724     -0.500274003     -0.500274003     -0.233176947     -0.233176917    
   37.8233757     -0.500275135     -0.500275135     -0.233176202     -0.233176172    
   37.8784752     -0.500276268     -0.500276268     -0.233175471     -0.233175442    
   37.9335785     -0.500277400     -0.500277400     -0.233174756     -0.233174726    
   37.9886780     -0.500278473     -0.500278473     -0.233174041     -0.233174011    
   38.0437813     -0.500279605     -0.500279605     -0.233173326     -0.233173296    
   38.0988846     -0.500280738     -0.500280738     -0.233172625     -0.233172596    
   38.1539841     -0.500281870     -0.500281870     -0.233171925     -0.233171910    
   38.2090874     -0.500283003     -0.500283003     -0.233171239     -0.233171210    
   38.2641869     -0.500284135     -0.500284135     -0.233170554     -0.233170539    
   38.3192902     -0.500285268     -0.500285268     -0.233169883     -0.233169854    
   38.3743896     -0.500286400     -0.500286400     -0.233169213     -0.233169183    
   38.4294930     -0.500287473     -0.500287473     -0.233168542     -0.233168527    
   38.4845924     -0.500288606     -0.500288606     -0.233167887     -0.233167872    
   38.5396957     -0.500289738     -0.500289738     -0.233167231     -0.233167216    
   38.5947990     -0.500290871     -0.500290871     -0.233166590     -0.233166575    
   38.6498985     -0.500292003     -0.500292003     -0.233165950     -0.233165935    
   38.7050018     -0.500293136     -0.500293136     -0.233165309     -0.233165294    
   38.7601013     -0.500294268     -0.500294268     -0.233164683     -0.233164668    
   38.8152046     -0.500295401     -0.500295401     -0.233164072     -0.233164042    
   38.8703041     -0.500296533     -0.500296533     -0.233163446     -0.233163431    
   38.9254074     -0.500297666     -0.500297666     -0.233162835     -0.233162820    
   38.9805069     -0.500298798     -0.500298798     -0.233162239     -0.233162224    
   39.0356102     -0.500299931     -0.500299931     -0.233161628     -0.233161613    
   39.0907135     -0.500301063     -0.500301063     -0.233161047     -0.233161032    
   39.1458130     -0.500302196     -0.500302196     -0.233160451     -0.233160436    
   39.2009163     -0.500303328     -0.500303328     -0.233159870     -0.233159855    
   39.2560158     -0.500304461     -0.500304461     -0.233159304     -0.233159289    
   39.3111191     -0.500305593     -0.500305593     -0.233158723     -0.233158708    
   39.3662186     -0.500306726     -0.500306726     -0.233158156     -0.233158141    
   39.4213219     -0.500307858     -0.500307858     -0.233157605     -0.233157590    
   39.4764252     -0.500308990     -0.500308990     -0.233157054     -0.233157039    
   39.5315247     -0.500310183     -0.500310183     -0.233156502     -0.233156487    
   39.5866280     -0.500311315     -0.500311315     -0.233155951     -0.233155936    
   39.6417274     -0.500312448     -0.500312448     -0.233155414     -0.233155400    
   39.6968307     -0.500313580     -0.500313580     -0.233154878     -0.233154878    
   39.7519302     -0.500314713     -0.500314713     -0.233154356     -0.233154342    
   39.8070335     -0.500315845     -0.500315845     -0.233153835     -0.233153820    
   39.8621330     -0.500316978     -0.500316978     -0.233153313     -0.233153298    
   39.9172363     -0.500318110     -0.500318110     -0.233152807     -0.233152792    
   39.9723396     -0.500319302     -0.500319302     -0.233152300     -0.233152285    
   40.0274391     -0.500320435     -0.500320435     -0.233151793     -0.233151779    
   40.0825424     -0.500321567     -0.500321567     -0.233151287     -0.233151287    
   40.1376419     -0.500322700     -0.500322700     -0.233150795     -0.233150795    
   40.1927452     -0.500323832     -0.500323832     -0.233150318     -0.233150303    
   40.2478447     -0.500324965     -0.500324965     -0.233149827     -0.233149827    
   40.3029480     -0.500326157     -0.500326157     -0.233149350     -0.233149350    
   40.3580475     -0.500327289     -0.500327289     -0.233148873     -0.233148873    
   40.4131508     -0.500328422     -0.500328422     -0.233148411     -0.233148411    
   40.4682541     -0.500329554     -0.500329554     -0.233147949     -0.233147934    
   40.5233536     -0.500330687     -0.500330687     -0.233147487     -0.233147487    
   40.5784569     -0.500331879     -0.500331879     -0.233147040     -0.233147025    
   40.6335564     -0.500333011     -0.500333011     -0.233146578     -0.233146578    
   40.6886597     -0.500334144     -0.500334144     -0.233146146     -0.233146131    
   40.7437592     -0.500335276     -0.500335276     -0.233145699     -0.233145699    
   40.7988625     -0.500336468     -0.500336468     -0.233145267     -0.233145252    
   40.8539619     -0.500337601     -0.500337601     -0.233144835     -0.233144820    
   40.9090652     -0.500338733     -0.500338733     -0.233144403     -0.233144403    
   40.9641685     -0.500339925     -0.500339925     -0.233143985     -0.233143970    
   41.0192680     -0.500341058     -0.500341058     -0.233143568     -0.233143553    
   41.0743713     -0.500342190     -0.500342190     -0.233143151     -0.233143151    
   41.1294708     -0.500343323     -0.500343323     -0.233142734     -0.233142734    
   41.1845741     -0.500344515     -0.500344515     -0.233142331     -0.233142331    
   41.2396736     -0.500345647     -0.500345647     -0.233141929     -0.233141929    
   41.2947769     -0.500346780     -0.500346780     -0.233141541     -0.233141527    
   41.3498764     -0.500347972     -0.500347972     -0.233141139     -0.233141139    
   41.4049797     -0.500349104     -0.500349104     -0.233140752     -0.233140752    
   41.4600830     -0.500350237     -0.500350237     -0.233140379     -0.233140364    
   41.5151825     -0.500351429     -0.500351429     -0.233139992     -0.233139992    
   41.5702858     -0.500352561     -0.500352561     -0.233139619     -0.233139619    
   41.6253853     -0.500353754     -0.500353754     -0.233139247     -0.233139247    
   41.6804886     -0.500354886     -0.500354886     -0.233138874     -0.233138874    
   41.7355881     -0.500356019     -0.500356019     -0.233138517     -0.233138517    
   41.7906914     -0.500357211     -0.500357211     -0.233138159     -0.233138144    
   41.8457909     -0.500358343     -0.500358343     -0.233137801     -0.233137801    
   41.9008942     -0.500359535     -0.500359535     -0.233137444     -0.233137444    
   41.9559975     -0.500360668     -0.500360668     -0.233137101     -0.233137101    
   42.0110970     -0.500361800     -0.500361800     -0.233136758     -0.233136743    
   42.0662003     -0.500362992     -0.500362992     -0.233136415     -0.233136415    
   42.1212997     -0.500364125     -0.500364125     -0.233136073     -0.233136073    
   42.1764030     -0.500365317     -0.500365317     -0.233135745     -0.233135745    
   42.2315025     -0.500366449     -0.500366449     -0.233135417     -0.233135417    
   42.2866058     -0.500367641     -0.500367641     -0.233135089     -0.233135089    
   42.3417091     -0.500368774     -0.500368774     -0.233134761     -0.233134761    
   42.3968086     -0.500369906     -0.500369906     -0.233134449     -0.233134449    
   42.4519119     -0.500371099     -0.500371099     -0.233134136     -0.233134136    
   42.5070114     -0.500372231     -0.500372231     -0.233133823     -0.233133823    
   42.5621147     -0.500373423     -0.500373423     -0.233133510     -0.233133510    
   42.6172142     -0.500374556     -0.500374556     -0.233133212     -0.233133212    
   42.6723175     -0.500375748     -0.500375748     -0.233132914     -0.233132914    
   42.7274170     -0.500376880     -0.500376880     -0.233132616     -0.233132616    
   42.7825203     -0.500378072     -0.500378072     -0.233132318     -0.233132318    
   42.8376236     -0.500379205     -0.500379205     -0.233132035     -0.233132035    
   42.8927231     -0.500380397     -0.500380397     -0.233131751     -0.233131751    
   42.9478264     -0.500381529     -0.500381529     -0.233131468     -0.233131468    
   43.0029259     -0.500382721     -0.500382721     -0.233131185     -0.233131185    
   43.0580292     -0.500383854     -0.500383854     -0.233130917     -0.233130917    
   43.1131287     -0.500385046     -0.500385046     -0.233130634     -0.233130634    
   43.1682320     -0.500386238     -0.500386238     -0.233130366     -0.233130366    
   43.2233315     -0.500387371     -0.500387371     -0.233130112     -0.233130112    
   43.2784348     -0.500388563     -0.500388563     -0.233129844     -0.233129844    
   43.3335381     -0.500389695     -0.500389695     -0.233129591     -0.233129591    
   43.3886375     -0.500390887     -0.500390887     -0.233129323     -0.233129323    
   43.4437408     -0.500392020     -0.500392020     -0.233129084     -0.233129069    
   43.4988403     -0.500393212     -0.500393212     -0.233128831     -0.233128831    
   43.5539436     -0.500394344     -0.500394344     -0.233128577     -0.233128577    
   43.6090431     -0.500395536     -0.500395536     -0.233128339     -0.233128339    
   43.6641464     -0.500396729     -0.500396729     -0.233128101     -0.233128101    
   43.7192459     -0.500397861     -0.500397861     -0.233127862     -0.233127862    
   43.7743492     -0.500399053     -0.500399053     -0.233127624     -0.233127624    
   43.8294525     -0.500400186     -0.500400186     -0.233127400     -0.233127400    
   43.8845520     -0.500401378     -0.500401378     -0.233127177     -0.233127177    
   43.9396553     -0.500402570     -0.500402570     -0.233126953     -0.233126953    
   43.9947548     -0.500403702     -0.500403702     -0.233126730     -0.233126730    
   44.0498581     -0.500404894     -0.500404894     -0.233126506     -0.233126506    
   44.1049576     -0.500406086     -0.500406086     -0.233126298     -0.233126298    
   44.1600609     -0.500407219     -0.500407219     -0.233126074     -0.233126074    
   44.2151604     -0.500408411     -0.500408411     -0.233125865     -0.233125865    
   44.2702637     -0.500409603     -0.500409603     -0.233125657     -0.233125657    
   44.3253670     -0.500410736     -0.500410736     -0.233125463     -0.233125463    
   44.3804665     -0.500411928     -0.500411928     -0.233125255     -0.233125255    
   44.4355698     -0.500413120     -0.500413120     -0.233125061     -0.233125061    
   44.4906693     -0.500414252     -0.500414252     -0.233124867     -0.233124867    
   44.5457726     -0.500415444     -0.500415444     -0.233124673     -0.233124673    
   44.6008720     -0.500416636     -0.500416636     -0.233124480     -0.233124480    
   44.6559753     -0.500417769     -0.500417769     -0.233124301     -0.233124301    
   44.7110748     -0.500418961     -0.500418961     -0.233124122     -0.233124122    
   44.7661781     -0.500420153     -0.500420153     -0.233123928     -0.233123928    
   44.8212814     -0.500421286     -0.500421286     -0.233123749     -0.233123749    
   44.8763809     -0.500422478     -0.500422478     -0.233123586     -0.233123586    
   44.9314842     -0.500423670     -0.500423670     -0.233123407     -0.233123407    
   44.9865837     -0.500424862     -0.500424862     -0.233123243     -0.233123243    
   45.0416870     -0.500425994     -0.500425994     -0.233123064     -0.233123064    
   45.0967865     -0.500427186     -0.500427186     -0.233122900     -0.233122900    
   45.1518898     -0.500428379     -0.500428379     -0.233122751     -0.233122736    
   45.2069893     -0.500429511     -0.500429511     -0.233122587     -0.233122587    
   45.2620926     -0.500430703     -0.500430703     -0.233122423     -0.233122423    
   45.3171959     -0.500431895     -0.500431895     -0.233122274     -0.233122274    
   45.3722954     -0.500433087     -0.500433087     -0.233122125     -0.233122125    
   45.4273987     -0.500434220     -0.500434220     -0.233121976     -0.233121976    
   45.4824982     -0.500435412     -0.500435412     -0.233121827     -0.233121827    
   45.5376015     -0.500436604     -0.500436604     -0.233121678     -0.233121678    
   45.5927010     -0.500437796     -0.500437796     -0.233121544     -0.233121544    
   45.6478043     -0.500438988     -0.500438988     -0.233121395     -0.233121395    
   45.7029076     -0.500440121     -0.500440121     -0.233121261     -0.233121261    
   45.7580070     -0.500441313     -0.500441313     -0.233121127     -0.233121127    
   45.8131104     -0.500442505     -0.500442505     -0.233120993     -0.233120993    
   45.8682098     -0.500443697     -0.500443697     -0.233120874     -0.233120874    
   45.9233131     -0.500444829     -0.500444829     -0.233120739     -0.233120739    
   45.9784126     -0.500446022     -0.500446022     -0.233120620     -0.233120620    
   46.0335159     -0.500447214     -0.500447214     -0.233120501     -0.233120501    
   46.0886154     -0.500448406     -0.500448406     -0.233120382     -0.233120382    
   46.1437187     -0.500449598     -0.500449598     -0.233120263     -0.233120263    
   46.1988220     -0.500450790     -0.500450790     -0.233120143     -0.233120143    
   46.2539215     -0.500451922     -0.500451922     -0.233120024     -0.233120024    
   46.3090248     -0.500453115     -0.500453115     -0.233119920     -0.233119920    
   46.3641243     -0.500454307     -0.500454307     -0.233119816     -0.233119816    
   46.4192276     -0.500455499     -0.500455499     -0.233119711     -0.233119711    
   46.4743271     -0.500456691     -0.500456691     -0.233119607     -0.233119607    
   46.5294304     -0.500457883     -0.500457883     -0.233119503     -0.233119503    
   46.5845299     -0.500459015     -0.500459015     -0.233119398     -0.233119398    
   46.6396332     -0.500460207     -0.500460207     -0.233119309     -0.233119309    
   46.6947365     -0.500461400     -0.500461400     -0.233119205     -0.233119205    
   46.7498360     -0.500462592     -0.500462592     -0.233119115     -0.233119115    
   46.8049393     -0.500463784     -0.500463784     -0.233119026     -0.233119026    
   46.8600388     -0.500464976     -0.500464976     -0.233118936     -0.233118936    
   46.9151421     -0.500466168     -0.500466168     -0.233118847     -0.233118847    
   46.9702415     -0.500467360     -0.500467360     -0.233118773     -0.233118773    
   47.0253448     -0.500468493     -0.500468493     -0.233118683     -0.233118683    
   47.0804443     -0.500469685     -0.500469685     -0.233118609     -0.233118609    
   47.1355476     -0.500470877     -0.500470877     -0.233118534     -0.233118534    
   47.1906509     -0.500472069     -0.500472069     -0.233118460     -0.233118460    
   47.2457504     -0.500473261     -0.500473261     -0.233118385     -0.233118385    
   47.3008537     -0.500474453     -0.500474453     -0.233118311     -0.233118311    
   47.3559532     -0.500475645     -0.500475645     -0.233118236     -0.233118236    
   47.4110565     -0.500476837     -0.500476837     -0.233118176     -0.233118176    
   47.4661560     -0.500478029     -0.500478029     -0.233118102     -0.233118102    
   47.5212593     -0.500479221     -0.500479221     -0.233118042     -0.233118042    
   47.5763588     -0.500480413     -0.500480413     -0.233117983     -0.233117983    
   47.6314621     -0.500481546     -0.500481546     -0.233117923     -0.233117923    
   47.6865654     -0.500482738     -0.500482738     -0.233117864     -0.233117864    
   47.7416649     -0.500483930     -0.500483930     -0.233117819     -0.233117819    
   47.7967682     -0.500485122     -0.500485122     -0.233117759     -0.233117759    
   47.8518677     -0.500486314     -0.500486314     -0.233117715     -0.233117715    
   47.9069710     -0.500487506     -0.500487506     -0.233117655     -0.233117655    
   47.9620705     -0.500488698     -0.500488698     -0.233117610     -0.233117610    
   48.0171738     -0.500489891     -0.500489891     -0.233117566     -0.233117566    
   48.0722733     -0.500491083     -0.500491083     -0.233117521     -0.233117521    
   48.1273766     -0.500492275     -0.500492275     -0.233117476     -0.233117476    
   48.1824799     -0.500493467     -0.500493467     -0.233117446     -0.233117446    
   48.2375793     -0.500494659     -0.500494659     -0.233117402     -0.233117402    
   48.2926826     -0.500495851     -0.500495851     -0.233117372     -0.233117372    
   48.3477821     -0.500497043     -0.500497043     -0.233117327     -0.233117327    
   48.4028854     -0.500498235     -0.500498235     -0.233117297     -0.233117297    
   48.4579849     -0.500499427     -0.500499427     -0.233117267     -0.233117267    
   48.5130882     -0.500500619     -0.500500619     -0.233117238     -0.233117238    
   48.5681877     -0.500501812     -0.500501812     -0.233117208     -0.233117208    
   48.6232910     -0.500503004     -0.500503004     -0.233117193     -0.233117193    
   48.6783943     -0.500504196     -0.500504196     -0.233117163     -0.233117163    
   48.7334938     -0.500505388     -0.500505388     -0.233117148     -0.233117148    
   48.7885971     -0.500506580     -0.500506580     -0.233117118     -0.233117118    
   48.8436966     -0.500507772     -0.500507772     -0.233117104     -0.233117104    
   48.8987999     -0.500508964     -0.500508964     -0.233117089     -0.233117089    
   48.9538994     -0.500510156     -0.500510156     -0.233117074     -0.233117074    
   49.0090027     -0.500511348     -0.500511348     -0.233117059     -0.233117059    
   49.0641060     -0.500512540     -0.500512540     -0.233117044     -0.233117044    
   49.1192055     -0.500513732     -0.500513732     -0.233117044     -0.233117044    
   49.1743088     -0.500514925     -0.500514925     -0.233117029     -0.233117029    
   49.2294083     -0.500516117     -0.500516117     -0.233117029     -0.233117029    
   49.2845116     -0.500517309     -0.500517309     -0.233117014     -0.233117014    
   49.3396111     -0.500518501     -0.500518501     -0.233117014     -0.233117014    
   49.3947144     -0.500519693     -0.500519693     -0.233117014     -0.233117014    
   49.4498138     -0.500520885     -0.500520885     -0.233117014     -0.233117014    
   49.5049171     -0.500522137     -0.500522137     -0.233117014     -0.233117014    
   49.5600204     -0.500523329     -0.500523329     -0.233117014     -0.233117014    
   49.6151199     -0.500524521     -0.500524521     -0.233117029     -0.233117029    
   49.6702232     -0.500525713     -0.500525713     -0.233117029     -0.233117029    
   49.7253227     -0.500526905     -0.500526905     -0.233117044     -0.233117044    
   49.7804260     -0.500528097     -0.500528097     -0.233117044     -0.233117044    
   49.8355255     -0.500529289     -0.500529289     -0.233117059     -0.233117059    
   49.8906288     -0.500530481     -0.500530481     -0.233117074     -0.233117074    
   49.9457283     -0.500531673     -0.500531673     -0.233117089     -0.233117089    
   50.0008316     -0.500532866     -0.500532866     -0.233117104     -0.233117104    
   50.0559349     -0.500534058     -0.500534058     -0.233117118     -0.233117118    
   50.1110344     -0.500535250     -0.500535250     -0.233117148     -0.233117148    
   50.1661377     -0.500536501     -0.500536501     -0.233117163     -0.233117163    
   50.2212372     -0.500537694     -0.500537694     -0.233117178     -0.233117178    
   50.2763405     -0.500538886     -0.500538886     -0.233117208     -0.233117208    
   50.3314400     -0.500540078     -0.500540078     -0.233117238     -0.233117238    
   50.3865433     -0.500541270     -0.500541270     -0.233117253     -0.233117253    
   50.4416428     -0.500542462     -0.500542462     -0.233117282     -0.233117282    
   50.4967461     -0.500543654     -0.500543654     -0.233117312     -0.233117312    
   50.5518494     -0.500544846     -0.500544846     -0.233117342     -0.233117342    
   50.6069489     -0.500546098     -0.500546098     -0.233117387     -0.233117387    
   50.6620522     -0.500547290     -0.500547290     -0.233117417     -0.233117417    
   50.7171516     -0.500548482     -0.500548482     -0.233117446     -0.233117446    
   50.7722549     -0.500549674     -0.500549674     -0.233117491     -0.233117491    
   50.8273544     -0.500550866     -0.500550866     -0.233117521     -0.233117521    
   50.8824577     -0.500552058     -0.500552058     -0.233117566     -0.233117566    
   50.9375572     -0.500553250     -0.500553250     -0.233117610     -0.233117610    
   50.9926605     -0.500554502     -0.500554502     -0.233117655     -0.233117655    
   51.0477638     -0.500555694     -0.500555694     -0.233117685     -0.233117685    
   51.1028633     -0.500556886     -0.500556886     -0.233117744     -0.233117744    
   51.1579666     -0.500558078     -0.500558078     -0.233117789     -0.233117789    
   51.2130661     -0.500559270     -0.500559270     -0.233117834     -0.233117834    
   51.2681694     -0.500560462     -0.500560462     -0.233117878     -0.233117878    
   51.3232689     -0.500561714     -0.500561714     -0.233117938     -0.233117938    
   51.3783722     -0.500562906     -0.500562906     -0.233117983     -0.233117983    
   51.4334717     -0.500564098     -0.500564098     -0.233118042     -0.233118042    
   51.4885750     -0.500565290     -0.500565290     -0.233118087     -0.233118087    
   51.5436783     -0.500566483     -0.500566483     -0.233118147     -0.233118147    
   51.5987778     -0.500567734     -0.500567734     -0.233118206     -0.233118206    
   51.6538811     -0.500568926     -0.500568926     -0.233118266     -0.233118266    
   51.7089806     -0.500570118     -0.500570118     -0.233118325     -0.233118325    
   51.7640839     -0.500571311     -0.500571311     -0.233118385     -0.233118385    
   51.8191833     -0.500572503     -0.500572503     -0.233118445     -0.233118445    
   51.8742867     -0.500573754     -0.500573754     -0.233118504     -0.233118504    
   51.9293861     -0.500574946     -0.500574946     -0.233118579     -0.233118579    
   51.9844894     -0.500576138     -0.500576138     -0.233118638     -0.233118638    
   52.0395927     -0.500577331     -0.500577331     -0.233118713     -0.233118713    
   52.0946922     -0.500578523     -0.500578523     -0.233118773     -0.233118773    
   52.1497955     -0.500579774     -0.500579774     -0.233118847     -0.233118847    
   52.2048950     -0.500580966     -0.500580966     -0.233118922     -0.233118922    
   52.2599983     -0.500582159     -0.500582159     -0.233118996     -0.233118996    
   52.3150978     -0.500583351     -0.500583351     -0.233119071     -0.233119071    
   52.3702011     -0.500584602     -0.500584602     -0.233119145     -0.233119145    
   52.4253044     -0.500585794     -0.500585794     -0.233119220     -0.233119220    
   52.4804039     -0.500586987     -0.500586987     -0.233119294     -0.233119294    
   52.5355072     -0.500588179     -0.500588179     -0.233119369     -0.233119369    
   52.5906067     -0.500589371     -0.500589371     -0.233119443     -0.233119443    
   52.6457100     -0.500590622     -0.500590622     -0.233119532     -0.233119532    
   52.7008095     -0.500591815     -0.500591815     -0.233119607     -0.233119607    
   52.7559128     -0.500593007     -0.500593007     -0.233119696     -0.233119696    
   52.8110123     -0.500594258     -0.500594258     -0.233119786     -0.233119786    
   52.8661156     -0.500595450     -0.500595450     -0.233119860     -0.233119860    
   52.9212189     -0.500596642     -0.500596642     -0.233119950     -0.233119950    
   52.9763184     -0.500597835     -0.500597835     -0.233120039     -0.233120039    
   53.0314217     -0.500599086     -0.500599086     -0.233120129     -0.233120129    
   53.0865211     -0.500600278     -0.500600278     -0.233120218     -0.233120218    
   53.1416245     -0.500601470     -0.500601470     -0.233120307     -0.233120307    
   53.1967239     -0.500602663     -0.500602663     -0.233120397     -0.233120397    
   53.2518272     -0.500603914     -0.500603914     -0.233120501     -0.233120501    
   53.3069267     -0.500605106     -0.500605106     -0.233120590     -0.233120590    
   53.3620300     -0.500606298     -0.500606298     -0.233120680     -0.233120680    
   53.4171333     -0.500607550     -0.500607550     -0.233120784     -0.233120784    
   53.4722328     -0.500608742     -0.500608742     -0.233120874     -0.233120874    
   53.5273361     -0.500609934     -0.500609934     -0.233120978     -0.233120978    
   53.5824356     -0.500611126     -0.500611126     -0.233121082     -0.233121082    
   53.6375389     -0.500612378     -0.500612378     -0.233121186     -0.233121186    
   53.6926384     -0.500613570     -0.500613570     -0.233121276     -0.233121276    
   53.7477417     -0.500614762     -0.500614762     -0.233121380     -0.233121380    
   53.8028412     -0.500616014     -0.500616014     -0.233121485     -0.233121485    
   53.8579445     -0.500617206     -0.500617206     -0.233121589     -0.233121589    
   53.9130478     -0.500618398     -0.500618398     -0.233121708     -0.233121708    
   53.9681473     -0.500619650     -0.500619650     -0.233121812     -0.233121812    
   54.0232506     -0.500620842     -0.500620842     -0.233121917     -0.233121917    
   54.0783501     -0.500622034     -0.500622034     -0.233122021     -0.233122021    
   54.1334534     -0.500623286     -0.500623286     -0.233122140     -0.233122140    
   54.1885529     -0.500624478     -0.500624478     -0.233122244     -0.233122244    
   54.2436562     -0.500625670     -0.500625670     -0.233122364     -0.233122364    
   54.2987556     -0.500626922     -0.500626922     -0.233122468     -0.233122468    
   54.3538589     -0.500628114     -0.500628114     -0.233122587     -0.233122587    
   54.4089622     -0.500629306     -0.500629306     -0.233122706     -0.233122706    
   54.4640617     -0.500630558     -0.500630558     -0.233122826     -0.233122826    
   54.5191650     -0.500631750     -0.500631750     -0.233122930     -0.233122930    
   54.5742645     -0.500632942     -0.500632942     -0.233123049     -0.233123049    
   54.6293678     -0.500634193     -0.500634193     -0.233123168     -0.233123168    
   54.6844673     -0.500635386     -0.500635386     -0.233123302     -0.233123302    
   54.7395706     -0.500636578     -0.500636578     -0.233123422     -0.233123422    
   54.7946701     -0.500637829     -0.500637829     -0.233123541     -0.233123541    
   54.8497734     -0.500639021     -0.500639021     -0.233123660     -0.233123660    
   54.9048767     -0.500640213     -0.500640213     -0.233123779     -0.233123779    
   54.9599762     -0.500641465     -0.500641465     -0.233123913     -0.233123913    
   55.0150795     -0.500642657     -0.500642657     -0.233124033     -0.233124033    
   55.0701790     -0.500643909     -0.500643909     -0.233124167     -0.233124167    
   55.1252823     -0.500645101     -0.500645101     -0.233124286     -0.233124286    
   55.1803818     -0.500646293     -0.500646293     -0.233124420     -0.233124420    
   55.2354851     -0.500647545     -0.500647545     -0.233124554     -0.233124554    
   55.2905884     -0.500648737     -0.500648737     -0.233124688     -0.233124688    
   55.3456879     -0.500649989     -0.500649989     -0.233124807     -0.233124807    
   55.4007912     -0.500651181     -0.500651181     -0.233124942     -0.233124942    
   55.4558907     -0.500652373     -0.500652373     -0.233125076     -0.233125076    
   55.5109940     -0.500653625     -0.500653625     -0.233125210     -0.233125210    
   55.5660934     -0.500654817     -0.500654817     -0.233125344     -0.233125344    
   55.6211967     -0.500656068     -0.500656068     -0.233125478     -0.233125478    
   55.6762962     -0.500657260     -0.500657260     -0.233125627     -0.233125627    
   55.7313995     -0.500658453     -0.500658453     -0.233125761     -0.233125761    
   55.7865028     -0.500659704     -0.500659704     -0.233125895     -0.233125895    
   55.8416023     -0.500660896     -0.500660896     -0.233126044     -0.233126044    
   55.8967056     -0.500662148     -0.500662148     -0.233126178     -0.233126178    
   55.9518051     -0.500663340     -0.500663340     -0.233126312     -0.233126312    
   56.0069084     -0.500664532     -0.500664532     -0.233126462     -0.233126462    
   56.0620079     -0.500665784     -0.500665784     -0.233126611     -0.233126611    
   56.1171112     -0.500666976     -0.500666976     -0.233126745     -0.233126745    
   56.1722107     -0.500668228     -0.500668228     -0.233126894     -0.233126894    
   56.2273140     -0.500669420     -0.500669420     -0.233127043     -0.233127043    
   56.2824173     -0.500670671     -0.500670671     -0.233127192     -0.233127192    
   56.3375168     -0.500671864     -0.500671864     -0.233127326     -0.233127326    
   56.3926201     -0.500673056     -0.500673056     -0.233127475     -0.233127475    
   56.4477196     -0.500674307     -0.500674307     -0.233127624     -0.233127624    
   56.5028229     -0.500675499     -0.500675499     -0.233127773     -0.233127773    
   56.5579224     -0.500676751     -0.500676751     -0.233127937     -0.233127937    
