  0.10000000000000001       0.10765905302891310     
  0.12915851000000000       0.10767203084639322     
  0.15831702000000000       0.10760599160379015     
  0.18747553000000003       0.10739912335364499     
  0.21663404000000003       0.10712038212325098     
  0.24579255000000003       0.10676034748278115     
  0.27495106000000002       0.10626121039197711     
  0.30410957000000005       0.10563031914251864     
  0.33326808000000008       0.10491523328452215     
  0.36242659000000005       0.10411336412470433     
  0.39158510000000002       0.10318935420248240     
  0.42074361000000010       0.10222040216777990     
  0.44990212000000007       0.10109332633741221     
  0.47906063000000010        9.9922663569962891E-002
  0.50821914000000012        9.8600083471147071E-002
  0.53737765000000015        9.7252999286292580E-002
  0.56653616000000007        9.5781678925417724E-002
  0.59569467000000020        9.4210916533337616E-002
  0.62485318000000001        9.2601657789721736E-002
  0.65401169000000015        9.0904487031207917E-002
  0.68317020000000006        8.9136139174616463E-002
  0.71232871000000009        8.7223422399731035E-002
  0.74148722000000022        8.5293560204154240E-002
  0.77064573000000014        8.3296171414106959E-002
  0.79980424000000017        8.1212403712421194E-002
  0.82896275000000008        7.9015916692624394E-002
  0.85812126000000022        7.6783762941629113E-002
  0.88727977000000002        7.4465216848916660E-002
  0.91643828000000016        7.2082634661699840E-002
  0.94559679000000030        6.9582842214271912E-002
  0.97475530000000021        6.7097678304353217E-002
   1.0039138100000002        6.4484682255068232E-002
   1.0330723200000000        6.1797095647036775E-002
   1.0622308300000003        5.8972022976411416E-002
   1.0913893400000001        5.6163088342987166E-002
   1.1205478500000003        5.3259340167523962E-002
   1.1497063600000001        5.0217840501210559E-002
   1.1788648700000002        4.7170914929801126E-002
   1.2080233800000002        4.4054078630926301E-002
   1.2371818900000002        4.0753663889179705E-002
   1.2663404000000000        3.7440643925849816E-002
   1.2954989100000003        3.4085498549821659E-002
   1.3246574200000003        3.0568479541984925E-002
   1.3538159300000001        2.6982978858048578E-002
   1.3829744400000004        2.3331505908449075E-002
   1.4121329500000002        1.9573667944088949E-002
   1.4412914600000002        1.5717234302469487E-002
   1.4704499700000002        1.1806633847721047E-002
   1.4996084800000002        7.7728482786568872E-003
   1.5287669900000003        3.5689678455563421E-003
   1.5579255000000003       -6.3171207974443402E-004
   1.5870840100000003       -4.9884813233204584E-003
   1.6162425200000001       -9.4339425713232672E-003
   1.6454010300000004       -1.3956004543801300E-002
   1.6745595400000002       -1.8580402352170611E-002
   1.7037180500000002       -2.3387984024967601E-002
   1.7328765600000005       -2.8255093540773726E-002
   1.7620350700000003       -3.3297506448640941E-002
   1.7911935800000005       -3.8384080050827045E-002
   1.8203520900000003       -4.3609252518367059E-002
   1.8495106000000003       -4.8991899958771387E-002
   1.8786691100000004       -5.4465541234264774E-002
   1.9078276200000004       -6.0095233407391320E-002
   1.9369861300000002       -6.5834637188465883E-002
   1.9661446400000004       -7.1728576810013003E-002
   1.9953031500000005       -7.7740761157643765E-002
   2.0244616600000005       -8.3904202201721817E-002
   2.0536201700000003       -9.0214149889087894E-002
   2.0827786800000001       -9.6656534738346234E-002
   2.1119371900000004      -0.10327037946023220     
   2.1410957000000006      -0.11000625239302853     
   2.1702542100000004      -0.11693181129079928     
   2.1994127200000002      -0.12397331037841196     
   2.2285712300000005      -0.13118734021577033     
   2.2577297400000007      -0.13859071960660727     
   2.2868882500000005      -0.14612230191193387     
   2.3160467600000003      -0.15385555100638545     
   2.3452052700000006      -0.16175290088411179     
   2.3743637800000004      -0.16981165607183679     
   2.4035222900000002      -0.17800612031202265     
   2.4326808000000004      -0.18641890487211032     
   2.4618393100000007      -0.19497611837538054     
   2.4909978200000005      -0.20375787118908159     
   2.5201563300000003      -0.21268612807468354     
   2.5493148400000005      -0.22179867985060425     
   2.5784733500000003      -0.23104995201931947     
   2.6076318600000006      -0.24050809596568484     
   2.6367903700000004      -0.25016532627256094     
   2.6659488800000006      -0.25997977708192821     
   2.6951073900000004      -0.26997595152944970     
   2.7242659000000002      -0.28017753246209637     
   2.7534244100000005      -0.29052016343003373     
   2.7825829200000007      -0.30100290322834883     
   2.8117414300000005      -0.31169185571155245     
   2.8408999400000003      -0.32256411862813511     
   2.8700584500000006      -0.33356162586183474     
   2.8992169600000004      -0.34471751200192330     
   2.9283754700000002      -0.35609207831460843     
   2.9575339800000009      -0.36755085732016690     
   2.9866924900000007      -0.37917115072089258     
   3.0158510000000005      -0.39092047690559223     
   3.0450095100000003      -0.40285149730812325     
   3.0741680200000006      -0.41490052676038869     
   3.1033265300000008      -0.42700591120067427     
   3.1324850400000006      -0.43918840205816179     
   3.1616435500000009      -0.45166721885730649     
   3.1908020600000007      -0.46411676014758863     
   3.2199605700000005      -0.47666336420143157     
   3.2491190800000003      -0.48932107885733150     
   3.2782775900000010      -0.50204844787681013     
   3.3074361000000008      -0.51483402890281282     
   3.3365946100000006      -0.52767198955956607     
   3.3657531200000008      -0.54056085364298601     
   3.3949116300000006      -0.55347854654276174     
   3.4240701400000004      -0.56646486678050123     
   3.4532286500000007      -0.57949176331659580     
   3.4823871600000009      -0.59247759470931705     
   3.5115456700000007      -0.60547549410014112     
   3.5407041800000005      -0.61847557236751804     
   3.5698626900000003      -0.63146766321577052     
   3.5990212000000010      -0.64436786565980275     
   3.6281797100000008      -0.65731824524605842     
   3.6573382200000006      -0.67021355321999077     
   3.6864967300000009      -0.68301853288031056     
   3.7156552400000007      -0.69581937067654209     
   3.7448137500000005      -0.70849014602305493     
   3.7739722600000007      -0.72111011342758446     
   3.8031307700000010      -0.73365983578161775     
   3.8322892800000008      -0.74612220189982204     
   3.8614477900000006      -0.75850382495424562     
   3.8906063000000009      -0.77072488402213035     
   3.9197648100000007      -0.78289936514381253     
   3.9489233200000009      -0.79490252765934521     
   3.9780818300000007      -0.80680758872680991     
   4.0072403400000010      -0.81857992130698187     
   4.0363988500000012      -0.83023031686111559     
   4.0655573600000006      -0.84175696557157287     
   4.0947158700000008      -0.85309900471350630     
   4.1238743800000011      -0.86429037266842734     
   4.1530328900000004      -0.87539466085892381     
   4.1821914000000007      -0.88629870107407216     
   4.2113499100000009      -0.89705476261896933     
   4.2405084200000012      -0.90765433348034130     
   4.2696669300000014      -0.91806119923801621     
   4.2988254400000008      -0.92832458211758018     
   4.3279839500000010      -0.93843225336001690     
   4.3571424600000022      -0.94837021569163660     
   4.3863009700000015      -0.95811673077627768     
   4.4154594800000018      -0.96770794703013163     
   4.4446179900000011      -0.97712297205953347     
   4.4737765000000014      -0.98635083874611629     
   4.5029350100000007      -0.99543036046091826     
   4.5320935200000010       -1.0043386171930475     
   4.5612520300000021       -1.0130479709728619     
   4.5904105400000015       -1.0215984550924768     
   4.6195690500000017       -1.0299858451049921     
   4.6487275600000011       -1.0381878487244496     
   4.6778860700000013       -1.0462163445280905     
   4.7070445800000016       -1.0540796924909981     
   4.7362030900000009       -1.0617665293017322     
   4.7653616000000012       -1.0692945210761557     
   4.7945201100000014       -1.0766533538239367     
   4.8236786200000017       -1.0838363644809050     
   4.8528371300000019       -1.0908682575841380     
   4.8819956400000013       -1.0977247377261565     
   4.9111541500000016       -1.1044317479111272     
   4.9403126600000009       -1.1109711855319659     
   4.9694711700000012       -1.1173582209474442     
   4.9986296800000014       -1.1235805516727744     
   5.0277881900000017       -1.1296520308296176     
   5.0569467000000019        1.1355868378323313     
   5.0861052100000013        1.1413591341473814     
   5.1152637200000015        1.1469783788469730     
   5.1444222300000009        1.1524688898692672     
   5.1735807400000011        1.1578097248583026     
   5.2027392500000023        1.1629960067951179     
   5.2318977600000016        1.1680634932064673     
   5.2610562700000019        1.1729806037566408     
   5.2902147800000012        1.1777796021732176     
   5.3193732900000015        1.1824524744504195     
   5.3485318000000008        1.1869755979505172     
   5.3776903100000011        1.1913832920589384     
   5.4068488200000022        1.1956691532379820     
   5.4360073300000016        1.1998247656832453     
   5.4651658400000018        1.2038695120606044     
   5.4943243500000012        1.2077915515270388     
   5.5234828600000014        1.2116096845249376     
   5.5526413700000017        1.2153007580195982     
   5.5817998800000010        1.2188878358428856     
   5.6109583900000022        1.2223663593420109     
   5.6401169000000015        1.2257430005497194     
   5.6692754100000018        1.2290172163897635     
   5.6984339200000020        1.2321877832371011     
   5.7275924300000014        1.2352547882782141     
   5.7567509400000016        1.2382345686890459     
   5.7859094500000010        1.2411123289904202     
   5.8150679600000021        1.2439022445191950     
   5.8442264700000015        1.2466081629262697     
   5.8733849800000018        1.2492076785815762     
   5.9025434900000020        1.2517377237472616     
   5.9317020000000014        1.2541860656071282     
   5.9608605100000016        1.2565396660511861     
   5.9900190200000010        1.2588195726449352     
   6.0191775300000021        1.2610158208808657     
   6.0483360400000024        1.2631448567954038     
   6.0774945500000017        1.2652015226728988     
   6.1066530600000020        1.2671897418431612     
   6.1358115700000013        1.2690942939194720     
   6.1649700800000016        1.2709477871789943     
   6.1941285900000009        1.2727165143165295     
   6.2232871000000021        1.2744212214219670     
   6.2524456100000023        1.2760790070302266     
   6.2816041200000017        1.2776665461670333     
   6.3107626300000019        1.2791982714356553     
   6.3399211400000013        1.2806627400570421     
   6.3690796500000015        1.2820828737258811     
   6.3982381600000018        1.2834355771991086     
   6.4273966700000020        1.2847408758329140     
   6.4565551800000023        1.2859876898891796     
   6.4857136900000016        1.2871948199531378     
   6.5148722000000019        1.2883503573743231     
   6.5440307100000021        1.2894592344304763     
   6.5731892200000015        1.2905219606565566     
   6.6023477300000017        1.2915413447507966     
   6.6315062400000020        1.2925064474670032     
   6.6606647500000022        1.2934369309154374     
   6.6898232600000016        1.2943375749343604     
   6.7189817700000019        1.2951832454899939     
   6.7481402800000021        1.2959973859023954     
   6.7772987900000015        1.2967697430770653     
   6.8064573000000017        1.2975148300108545     
   6.8356158100000011        1.2982221840987453     
   6.8647743200000022        1.2988822875910269     
   6.8939328300000025        1.2995205042547620     
   6.9230913400000018        1.3001261108696140     
   6.9522498500000021        1.3007095433538205     
   6.9814083600000014        1.3012592836362558     
   7.0105668700000017        1.3017735250749209     
   7.0397253800000010        1.3022673347795157     
   7.0688838900000022        1.3027235188456847     
   7.0980424000000024        1.3031650820716940     
   7.1272009100000018        1.3035761719496013     
   7.1563594200000020        1.3039709526274825     
   7.1855179300000014        1.3043370843633044     
   7.2146764400000016        1.3046782930866199     
   7.2438349500000019        1.3050006462447927     
   7.2729934600000021        1.3052946642296070     
   7.3021519700000024        1.3055821290525218     
   7.3313104800000017        1.3058555255780313     
   7.3604689900000020        1.3060929584978989     
   7.3896275000000022        1.3063171837060266     
   7.4187860100000016        1.3065198809899368     
   7.4479445200000018        1.3067154231667364     
   7.4771030300000021        1.3068974837394651     
   7.5062615400000023        1.3070626221649420     
   7.5354200500000017        1.3072090060769423     
   7.5645785600000019        1.3073328051491804     
   7.5937370700000022        1.3074577708231934     
   7.6228955800000016        1.3075652665162312     
   7.6520540900000018        1.3076532908763880     
   7.6812126000000021        1.3077434056163375     
   7.7103711100000023        1.3078078046695281     
   7.7395296200000026        1.3078741094745485     
   7.7686881300000019        1.3079199152774799     
   7.7978466400000022        1.3079597440824775     
   7.8270051500000015        1.3079944333250582     
   7.8561636600000018        1.3080215410021392     
   7.8853221700000029        1.3080293609325866     
   7.9144806800000023        1.3080378240609849     
   7.9436391900000025        1.3080223467510050     
   7.9727977000000019        1.3080192865222646     
   8.0019562100000012        1.3079967249435824     
   8.0311147200000015        1.3079847341970914     
   8.0602732300000017        1.3079522469012295     
   8.0894317400000020        1.3079052549006234     
   8.1185902500000022        1.3078721980036596     
   8.1477487600000025        1.3078279308993563     
   8.1769072700000027        1.3077666440888258     
   8.2060657800000012        1.3077131955871122     
   8.2352242900000014        1.3076564536610795     
   8.2643828000000017        1.3075857953524195     
   8.2935413100000019        1.3075240270079220     
   8.3226998200000022        1.3074373479059973     
   8.3518583300000024        1.3073646068443432     
   8.3810168400000027        1.3072801504916194     
   8.4101753500000029        1.3072043717718278     
   8.4393338600000014        1.3071074372291354     
   8.4684923700000017        1.3070203246805274     
   8.4976508800000001        1.3069301134100830     
   8.5268093900000022        1.3068355430114349     
   8.5559679000000024        1.3067572206917601     
   8.5851264100000009        1.3066431403296230     
   8.6142849200000029        1.3065459342595218     
   8.6434434300000014        1.3064570800436954     
   8.6726019400000016        1.3063362632818178     
   8.7017604500000019        1.3062420417559619     
   8.7309189600000021        1.3061343595267347     
   8.7600774700000024        1.3060263076992384     
   8.7892359800000008        1.3059243695300033     
   8.8183944900000011        1.3058172246619255     
   8.8475530000000013        1.3057136112997556     
   8.8767115100000016        1.3056016431552371     
   8.9058700200000001        1.3055022226922959     
   8.9350285300000003        1.3053847700532584     
   8.9641870400000006        1.3052754931944281     
   8.9933455500000008        1.3051613523065262     
   9.0225040600000028        1.3050562718271286     
   9.0516625700000013        1.3049538466414508     
   9.0808210800000015        1.3048616590075732     
   9.1099795900000018        1.3047433665731207     
   9.1391381000000020        1.3046198617825768     
   9.1682966100000023        1.3045313138429753     
   9.1974551200000008        1.3044256953357514     
   9.2266136300000010        1.3043061713116650     
   9.2557721400000013        1.3042090820978518     
   9.2849306500000015        1.3041030162148224     
   9.3140891600000018        1.3040073116816788     
   9.3432476700000002        1.3038945351323312     
   9.3724061800000005        1.3037901409914188     
   9.4015646900000007        1.3036940496157856     
   9.4307232000000010        1.3035905597618453     
   9.4598817100000030        1.3035014051805252     
   9.4890402200000015        1.3033908997564791     
   9.5181987300000017        1.3033068781922275     
   9.5473572400000020        1.3031961715787324     
   9.5765157500000022        1.3031113217652095     
   9.6056742600000025        1.3030129608668470     
   9.6348327700000009        1.3029261601766835     
   9.6639912800000012        1.3028349494344553     
   9.6931497900000014        1.3027409908462282     
   9.7223083000000017        1.3026560692987832     
   9.7514668100000002        1.3025668865354327     
   9.7806253200000004        1.3024707244307714     
   9.8097838300000006        1.3023930260027052     
   9.8389423400000009        1.3023146252009001     
   9.8681008500000029        1.3022171853685249     
   9.8972593600000032        1.3021478199664485     
   9.9264178700000016        1.3020616946159120     
   9.9555763800000019        1.3019730213668139     
   9.9847348900000021        1.3019036684747234     
   10.013893400000002        1.3018401942617683     
   10.043051910000001        1.3017525423771075     
   10.072210420000001        1.3016725018749515     
   10.101368930000001        1.3016149038619607     
   10.130527440000002        1.3015434413584326     
   10.159685950000002        1.3014646612213954     
   10.188844460000000        1.3013948862426450     
   10.218002970000001        1.3013406153953806     
   10.247161480000001        1.3012813232539768     
   10.276319990000003        1.3012015844546403     
   10.305478500000003        1.3011392713036805     
   10.334637010000002        1.3010771745932925     
   10.363795520000002        1.3010292900548821     
   10.392954030000002        1.3009689933497164     
   10.422112540000002        1.3008954632729319     
   10.451271050000003        1.3008389105787117     
   10.480429560000001        1.3007857200595632     
   10.509588070000001        1.3007356528102487     
   10.538746580000002        1.3006712325954644     
   10.567905090000002        1.3006295879851641     
   10.597063600000002        1.3005792209319176     
   10.626222110000000        1.3005098924880767     
   10.655380620000001        1.3004712817683020     
   10.684539130000003        1.3004250395650374     
   10.713697640000003        1.3003672122439756     
   10.742856150000003        1.3003197070670407     
   10.772014660000002        1.3002810254214121     
   10.801173170000002        1.3002384483721916     
   10.830331680000002        1.3002188930080019     
   10.859490190000002        1.3001561865926288     
   10.888648700000001        1.3001177646412818     
   10.917807210000001        1.3000848428860323     
   10.946965720000001        1.3000413110090885     
   10.976124230000002        1.3000012466750157     
   11.005282740000002        1.2999568080630957     
   11.034441250000000        1.2999257839940730     
   11.063599760000001        1.2998915361836489     
   11.092758270000003        1.2998533349594357     
   11.121916780000003        1.2998170601309298     
   11.151075290000003        1.2997906964620782     
   11.180233800000002        1.2997606832104835     
   11.209392310000002        1.2997404193614839     
   11.238550820000002        1.2997044050831938     
   11.267709330000002        1.2996753336856115     
   11.296867840000003        1.2996432808809442     
   11.326026350000001        1.2996100183125017     
   11.355184860000001        1.2995992312164184     
   11.384343370000002        1.2995596119200672     
   11.413501880000002        1.2995339278185398     
   11.442660390000002        1.2995031164218889     
   11.471818900000001        1.2995047416839884     
   11.500977410000001        1.2994767691374067     
   11.530135920000003        1.2994420383214274     
   11.559294430000003        1.2994382465427410     
   11.588452940000003        1.2993980111195111     
   11.617611450000002        1.2993880317095288     
   11.646769960000002        1.2993583692321515     
   11.675928470000002        1.2993350995195418     
   11.705086980000003        1.2993302922939962     
   11.734245490000001        1.2993168997210023     
   11.763404000000001        1.2992873050448228     
   11.792562510000002        1.2992731221195084     
   11.821721020000002        1.2992656039086792     
   11.850879530000002        1.2992390319673637     
   11.880038040000001        1.2992082187067862     
   11.909196550000001        1.2992004306891212     
   11.938355060000003        1.2991993361973750     
   11.967513570000003        1.2991856819960557     
   11.996672080000003        1.2991634406190797     
   12.025830590000002        1.2991506109251416     
   12.054989100000002        1.2991329974186878     
   12.084147610000002        1.2991277803382915     
   12.113306120000003        1.2991158378288958     
   12.142464630000003        1.2991077926340631     
   12.171623140000001        1.2991051879091795     
   12.200781650000001        1.2990737727862631     
   12.229940160000002        1.2990777083743834     
   12.259098670000002        1.2990752457943173     
   12.288257180000002        1.2990573628192374     
   12.317415690000001        1.2990380568789910     
   12.346574200000003        1.2990416931225510     
   12.375732710000003        1.2990355068277069     
   12.404891220000003        1.2990276647659253     
   12.434049730000003        1.2990158077857661     
   12.463208240000002        1.2990139496275197     
   12.492366750000002        1.2990069832734426     
   12.521525260000002        1.2989877503974705     
   12.550683770000003        1.2989868331491008     
   12.579842280000001        1.2989880129910956     
   12.609000790000001        1.2989787419812162     
   12.638159300000002        1.2989769999063658     
   12.667317810000002        1.2989608437699121     
   12.696476320000002        1.2989689519806555     
   12.725634830000001        1.2989583579799078     
   12.754793340000003        1.2989341207049721     
   12.783951850000003        1.2989634596640167     
   12.813110360000003        1.2989416823777165     
   12.842268870000003        1.2989311058206088     
   12.871427380000002        1.2989319739786771     
   12.900585890000002        1.2989413266302454     
   12.929744400000002        1.2989366520029217     
   12.958902910000003        1.2989312413199989     
   12.988061420000003        1.2989218259006712     
   13.017219930000001        1.2989263163507636     
   13.046378440000002        1.2989117537269601     
   13.075536950000002        1.2989255515052964     
   13.104695460000002        1.2989281432427384     
   13.133853970000002        1.2989140721955534     
   13.163012480000003        1.2989100626884125     
   13.192170990000003        1.2989258124965251     
   13.221329500000003        1.2989074269382932     
   13.250488010000003        1.2989216520006432     
   13.279646520000004        1.2989156317607795     
   13.308805030000002        1.2989080353228697     
   13.337963540000002        1.2989104956851918     
   13.367122050000003        1.2989011983475895     
   13.396280560000003        1.2989005037458159     
   13.425439070000001        1.2989164803166164     
   13.454597580000001        1.2989157827023221     
   13.483756090000002        1.2988911155566232     
   13.512914600000002        1.2989012396302382     
   13.542073110000002        1.2989077516481937     
   13.571231620000001        1.2989081441705357     
   13.600390130000003        1.2988980718889998     
   13.629548640000003        1.2989075587672863     
   13.658707150000003        1.2989070644007015     
   13.687865660000003        1.2989050910067637     
   13.717024170000002        1.2989037852073031     
   13.746182680000002        1.2989061831965321     
   13.775341190000002        1.2989234992901910     
   13.804499700000003        1.2989121821008118     
   13.833658210000003        1.2989276488661918     
   13.862816720000001        1.2989139838422896     
   13.891975230000002        1.2989094952373623     
   13.921133740000002        1.2989274980223138     
   13.950292250000002        1.2989166105595262     
   13.979450760000002        1.2989207326554884     
   14.008609270000003        1.2989233683726893     
   14.037767780000003        1.2989232008125999     
   14.066926290000003        1.2989139663501359     
   14.096084800000003        1.2989266531778385     
   14.125243310000004        1.2989288212311210     
   14.154401820000002        1.2989336158953753     
   14.183560330000002        1.2989328657496741     
   14.212718840000003        1.2989201410347020     
   14.241877350000003        1.2989345366794409     
   14.271035860000001        1.2989279132598299     
   14.300194370000002        1.2989254914704131     
   14.329352880000002        1.2989237583342148     
   14.358511390000002        1.2989386016456268     
   14.387669900000002        1.2989313463234746     
   14.416828410000003        1.2989303862654198     
   14.445986920000003        1.2989426818621848     
   14.475145430000003        1.2989440830427692     
   14.504303940000003        1.2989560446219268     
   14.533462450000004        1.2989365784459643     
   14.562620960000002        1.2989416166860284     
   14.591779470000002        1.2989514156043489     
   14.620937980000003        1.2989613495502361     
   14.650096490000003        1.2989558157143763     
   14.679255000000003        1.2989591965687801     
   14.708413510000002        1.2989669130240122     
   14.737572020000002        1.2989682561475198     
   14.766730530000002        1.2989662299114524     
   14.795889040000002        1.2989521507330737     
   14.825047550000004        1.2989653643668455     
   14.854206060000003        1.2989645972796149     
   14.883364570000003        1.2989642406368198     
   14.912523080000003        1.2989442875873902     
   14.941681590000004        1.2989711838081190     
   14.970840100000004        1.2989781859963461     
   14.999998610000002        1.2989747984107032     
   15.029157120000002        1.2989713121411779     
   15.058315630000003        1.2989625711334924     
   15.087474140000003        1.2989852589612574     
   15.116632650000001        1.2989772006321303     
   15.145791160000002        1.2989742770275607     
   15.174949670000002        1.2989715472828585     
   15.204108180000002        1.2989901425056560     
   15.233266690000002        1.2989815351239082     
   15.262425200000003        1.2989773579210970     
   15.291583710000003        1.2989852628484850     
   15.320742220000003        1.2989844563369710     
   15.349900730000003        1.2989969346132597     
   15.379059240000004        1.2989815474245472     
   15.408217750000002        1.2989908249021846     
   15.437376260000002        1.2989857399612703     
   15.466534770000003        1.2990003760508886     
   15.495693280000003        1.2989795006972225     
   15.524851790000003        1.2989981371197028     
   15.554010300000002        1.2990044892047412     
   15.583168810000002        1.2990102230038154     
   15.612327320000002        1.2989976365111446     
   15.641485830000002        1.2990109915463015     
   15.670644340000004        1.2990126939401117     
   15.699802850000003        1.2990003274499402     
   15.728961360000003        1.2990119629756560     
   15.758119870000003        1.2990062158282798     
   15.787278380000004        1.2990269876212659     
   15.816436890000004        1.2990164845100549     
   15.845595400000002        1.2990258137267074     
   15.874753910000003        1.2990082128246685     
   15.903912420000003        1.2990296763966238     
   15.933070930000003        1.2990090945834389     
   15.962229440000002        1.2990130660234280     
   15.991387950000002        1.2990156059790687     
   16.020546460000002        1.2990207516917214     
   16.049704970000001        1.2990266035289568     
   16.078863480000003        1.2990164154864394     
   16.108021990000005        1.2990306370423075     
   16.137180500000003        1.2990173689852387     
   16.166339010000005        1.2990302941222533     
   16.195497520000004        1.2990197511013670     
   16.224656030000002        1.2990384472536514     
   16.253814540000004        1.2990407733250213     
   16.282973050000003        1.2990316336471943     
   16.312131560000005        1.2990325042087238     
   16.341290070000003        1.2990390226197048     
   16.370448580000001        1.2990291781678105     
   16.399607090000003        1.2990421061061832     
   16.428765600000002        1.2990129675371567     
   16.457924110000000        1.2990375343034444     
   16.487082620000002        1.2990356135311074     
   16.516241130000004        1.2990388743871166     
   16.545399640000003        1.2990459481496333     
   16.574558150000005        1.2990401962770031     
   16.603716660000003        1.2990287926241202     
   16.632875170000002        1.2990362973261425     
   16.662033680000004        1.2990279786046326     
   16.691192190000002        1.2990384915362434     
   16.720350700000004        1.2990442925497652     
   16.749509210000003        1.2990431083037648     
   16.778667720000001        1.2990487627391676     
   16.807826230000003        1.2990576550094495     
   16.836984740000002        1.2990422307700600     
   16.866143250000004        1.2990417300481651     
   16.895301760000002        1.2990473371494742     
   16.924460270000004        1.2990454888772691     
   16.953618780000003        1.2990527914409855     
   16.982777290000005        1.2990404285401269     
   17.011935800000003        1.2990455899113789     
   17.041094310000002        1.2990481315511024     
   17.070252820000004        1.2990321811349970     
   17.099411330000002        1.2990633308630974     
   17.128569840000008        1.2990371211674832     
   17.157728350000006        1.2990666124770696     
   17.186886860000005        1.2990470551965514     
   17.216045370000007        1.2990505424217753     
   17.245203880000005        1.2990491523280450     
   17.274362390000007        1.2990571479037918     
   17.303520900000006        1.2990542147788415     
   17.332679410000004        1.2990633939404772     
   17.361837920000006        1.2990507697278315     
   17.390996430000005        1.2990442463073457     
   17.420154940000007        1.2990402095525448     
   17.449313450000005        1.2990531117342214     
   17.478471960000004        1.2990452314212300     
   17.507630470000006        1.2990505851788294     
   17.536788980000004        1.2990545522862851     
   17.565947490000006        1.2990486134796011     
   17.595106000000005        1.2990527758155501     
   17.624264510000003        1.2990530540832341     
   17.653423020000005        1.2990495512277935     
   17.682581530000004        1.2990484814594545     
   17.711740040000006        1.2990529154178683     
   17.740898550000004        1.2990612449315446     
   17.770057060000003        1.2990612641486838     
   17.799215570000005        1.2990435115450800     
   17.828374080000003        1.2990569502837017     
   17.857532590000005        1.2990599818072233     
   17.886691100000004        1.2990627397918688     
   17.915849610000002        1.2990512719336196     
   17.945008120000008        1.2990468391017387     
   17.974166630000006        1.2990468788534206     
   18.003325140000008        1.2990451674034491     
   18.032483650000007        1.2990446354008447     
   18.061642160000005        1.2990601526169476     
   18.090800670000007        1.2990397645493243     
   18.119959180000006        1.2990559248100413     
   18.149117690000008        1.2990530544764691     
   18.178276200000006        1.2990544581642263     
   18.207434710000005        1.2990528705385218     
   18.236593220000007        1.2990329853261060     
   18.265751730000005        1.2990446050488156     
   18.294910240000007        1.2990515193959613     
   18.324068750000006        1.2990417307151718     
   18.353227260000004        1.2990525566341129     
   18.382385770000006        1.2990406840350319     
   18.411544280000005        1.2990455891930566     
   18.440702790000003        1.2990407596594626     
   18.469861300000005        1.2990525111705087     
   18.499019810000004        1.2990367360534321     
   18.528178320000006        1.2990469127929332     
   18.557336830000004        1.2990521240935096     
   18.586495340000003        1.2990535263372365     
   18.615653850000005        1.2990503974507561     
   18.644812360000003        1.2990424950357364     
   18.673970870000005        1.2990442025842837     
   18.703129380000004        1.2990413867726334     
   18.732287890000002        1.2990540816191738     
   18.761446400000004        1.2990407436347460     
   18.790604910000006        1.2990453037326168     
   18.819763420000008        1.2990266880720227     
   18.848921930000007        1.2990370035078076     
   18.878080440000005        1.2990268314612048     
   18.907238950000007        1.2990352645265217     
   18.936397460000006        1.2990419407550384     
   18.965555970000008        1.2990490673641530     
   18.994714480000006        1.2990374059469836     
   19.023872990000005        1.2990234281763782     
   19.053031500000007        1.2990264141224419     
   19.082190010000005        1.2990288563482935     
   19.111348520000007        1.2990242758116486     
   19.140507030000006        1.2990298052705236     
   19.169665540000004        1.2990339418783869     
   19.198824050000006        1.2990262857765129     
   19.227982560000004        1.2990249267415077     
   19.257141070000007        1.2990265154329610     
   19.286299580000005        1.2990226449969220     
   19.315458090000003        1.2990367829740128     
   19.344616600000005        1.2990254817581861     
   19.373775110000004        1.2990370151094190     
   19.402933620000006        1.2990320314233650     
   19.432092130000004        1.2990217692273560     
   19.461250640000003        1.2990338708683995     
   19.490409150000005        1.2990175692513390     
   19.519567660000003        1.2990138583120523     
   19.548726170000005        1.2990297525226238     
   19.577884680000004        1.2990120808906751     
   19.607043190000006        1.2990167655529947     
   19.636201700000008        1.2990038358877554     
   19.665360210000006        1.2990082881504608     
   19.694518720000008        1.2990098114806043     
   19.723677230000007        1.2990098469821747     
   19.752835740000005        1.2990079652529400     
   19.781994250000007        1.2990024802251787     
   19.811152760000006        1.2990168512806877     
   19.840311270000008        1.2990028444761941     
   19.869469780000006        1.2990055811821530     
   19.898628290000005        1.2990113626306763     
   19.927786800000007        1.2990198698542652     
   19.956945310000005        1.2990136401888575     
   19.986103820000007        1.2989904448034335     
   20.015262330000006        1.2990090882496350     
   20.044420840000004        1.2990126281313832     
   20.073579350000006        1.2989998256246587     
   20.102737860000005        1.2989870784658624     
   20.131896370000003        1.2989922193306704     
   20.161054880000005        1.2989931641321186     
   20.190213390000004        1.2989921973565584     
   20.219371900000006        1.2989834232604269     
   20.248530410000004        1.2989887286042947     
   20.277688920000003        1.2989964513827204     
   20.306847430000005        1.2989845400183737     
   20.336005940000003        1.2989834509619449     
   20.365164450000005        1.2989881466771125     
   20.394322960000004        1.2989822807598246     
   20.423481470000009        1.2989920047040362     
   20.452639980000008        1.2989948926734136     
   20.481798490000006        1.2989768634071446     
   20.510957000000008        1.2989812126909230     
   20.540115510000007        1.2989752932531737     
   20.569274020000005        1.2989815103134146     
   20.598432530000007        1.2989829301344278     
   20.627591040000006        1.2989767374146663     
   20.656749550000008        1.2989873037240920     
   20.685908060000006        1.2989644267216083     
   20.715066570000005        1.2989759453446348     
   20.744225080000007        1.2989747714767870     
   20.773383590000005        1.2989655897449697     
   20.802542100000007        1.2989731697546134     
   20.831700610000006        1.2989611419424876     
   20.860859120000004        1.2989707871432847     
   20.890017630000006        1.2989691414020428     
   20.919176140000005        1.2989556941651865     
   20.948334650000007        1.2989496965624028     
   20.977493160000005        1.2989590247311702     
   21.006651670000004        1.2989587153061657     
   21.035810180000006        1.2989651222166814     
   21.064968690000004        1.2989628150425072     
   21.094127200000006        1.2989526758472241     
   21.123285710000005        1.2989531803899770     
   21.152444220000003        1.2989589321200219     
   21.181602730000005        1.2989553516140793     
   21.210761240000004        1.2989432634267428     
   21.239919750000006        1.2989506076536999     
   21.269078260000008        1.2989503407595213     
   21.298236770000006        1.2989588335474138     
   21.327395280000008        1.2989464970957936     
   21.356553790000007        1.2989386355283894     
   21.385712300000009        1.2989326404875405     
   21.414870810000007        1.2989431979519268     
   21.444029320000006        1.2989338431682256     
   21.473187830000008        1.2989381389709262     
   21.502346340000006        1.2989433866013433     
   21.531504850000008        1.2989328783037470     
   21.560663360000007        1.2989267826533886     
   21.589821870000005        1.2989247268739141     
   21.618980380000007        1.2989314191687156     
   21.648138890000006        1.2989258683791187     
   21.677297400000008        1.2989152780972011     
   21.706455910000006        1.2989213760498497     
   21.735614420000005        1.2989253532053859     
   21.764772930000007        1.2989260270832488     
   21.793931440000005        1.2989093547140775     
   21.823089950000007        1.2989108531758924     
   21.852248460000006        1.2989140612625882     
   21.881406970000004        1.2988973192268614     
   21.910565480000006        1.2989023112934330     
   21.939723990000005        1.2989224005932440     
   21.968882500000003        1.2989071308222768     
   21.998041010000005        1.2989038232016596     
   22.027199520000003        1.2989027488843057     
   22.056358030000005        1.2989068220350952     
   22.085516540000008        1.2989206445158765     
   22.114675050000010        1.2988927352714079     
   22.143833560000008        1.2989031823719279     
   22.172992070000006        1.2989088163591900     
   22.202150580000009        1.2989025505397618     
   22.231309090000007        1.2989086622317114     
   22.260467600000005        1.2988924567408708     
   22.289626110000007        1.2988920061454881     
   22.318784620000006        1.2988863725067816     
   22.347943130000008        1.2988970029732176     
   22.377101640000006        1.2988834833384726     
   22.406260150000005        1.2988770767808229     
   22.435418660000007        1.2988882007212634     
   22.464577170000005        1.2988789696132299     
   22.493735680000007        1.2988912458245059     
   22.522894190000006        1.2988880883956713     
   22.552052700000004        1.2988756928767293     
   22.581211210000006        1.2988807373530953     
   22.610369720000005        1.2988826961001945     
   22.639528230000007        1.2988781007794368     
   22.668686740000005        1.2988685501005812     
   22.697845250000004        1.2988543373873698     
   22.727003760000006        1.2988742189731743     
   22.756162270000004        1.2988583628306178     
   22.785320780000006        1.2988689422728177     
   22.814479290000005        1.2988610678523720     
   22.843637800000003        1.2988591908361993     
   22.872796310000005        1.2988582849694639     
   22.901954820000004        1.2988579612656930     
   22.931113330000009        1.2988466123781741     
   22.960271840000008        1.2988577247205313     
   22.989430350000006        1.2988429378283375     
   23.018588860000008        1.2988514522087897     
   23.047747370000007        1.2988578642049200     
   23.076905880000009        1.2988492831234542     
   23.106064390000007        1.2988488523484654     
   23.135222900000006        1.2988279813083032     
   23.164381410000008        1.2988457099444983     
   23.193539920000006        1.2988370371690141     
   23.222698430000008        1.2988438497958141     
   23.251856940000007        1.2988310440891859     
   23.281015450000005        1.2988400659935166     
   23.310173960000007        1.2988354795764880     
   23.339332470000006        1.2988370192853744     
   23.368490980000008        1.2988359812512649     
   23.397649490000006        1.2988316525505690     
   23.426808000000005        1.2988311561397441     
   23.455966510000007        1.2988185953398388     
   23.485125020000005        1.2988248836315315     
   23.514283530000007        1.2988178154968990     
   23.543442040000006        1.2988143397898118     
   23.572600550000004        1.2988092466950640     
   23.601759060000006        1.2988097039172066     
   23.630917570000005        1.2988145798888417     
   23.660076080000003        1.2988169708161232     
   23.689234590000005        1.2988109227709612     
   23.718393100000004        1.2988008918480036     
   23.747551610000009        1.2988021621213657     
   23.776710120000008        1.2988014510204389     
   23.805868630000010        1.2988016825929973     
   23.835027140000008        1.2987875815283130     
   23.864185650000007        1.2987936435873371     
   23.893344160000009        1.2988099425987716     
   23.922502670000007        1.2987952502437661     
   23.951661180000006        1.2987877755172619     
   23.980819690000008        1.2987924375560727     
   24.009978200000006        1.2987882065834855     
   24.039136710000008        1.2987860192530671     
   24.068295220000007        1.2987700607029498     
   24.097453730000005        1.2987885894733524     
   24.126612240000007        1.2987803924594337     
   24.155770750000006        1.2987894976645808     
   24.184929260000008        1.2987756433119746     
   24.214087770000006        1.2987859810973652     
   24.243246280000005        1.2987747486285983     
   24.272404790000007        1.2987732892210337     
   24.301563300000005        1.2987734575554113     
   24.330721810000007        1.2987710697073276     
   24.359880320000006        1.2987626240447891     
   24.389038830000004        1.2987731814736028     
   24.418197340000006        1.2987560547840886     
   24.447355850000005        1.2987579020601270     
   24.476514360000007        1.2987505311344751     
   24.505672870000005        1.2987595440470745     
   24.534831380000004        1.2987572079075334     
   24.563989890000006        1.2987557689097198     
   24.593148400000008        1.2987485762544995     
   24.622306910000010        1.2987451459238926     
   24.651465420000008        1.2987396131099096     
   24.680623930000007        1.2987346721769513     
   24.709782440000009        1.2987342621553652     
   24.738940950000007        1.2987442459502563     
   24.768099460000009        1.2987413374920027     
   24.797257970000008        1.2987399588163122     
   24.826416480000006        1.2987371077486956     
   24.855574990000008        1.2987383129062497     
   24.884733500000007        1.2987293217070053     
   24.913892010000009        1.2987271412514456     
   24.943050520000007        1.2987207448814755     
   24.972209030000005        1.2987264232521609     
   25.001367540000007        1.2987187017311936     
   25.030526050000006        1.2987161205019129     
   25.059684560000008        1.2987161649397048     
   25.088843070000006        1.2987022421551262     
   25.118001580000005        1.2987089680425483     
   25.147160090000007        1.2987133138191691     
   25.176318600000005        1.2987039419868536     
   25.205477110000007        1.2987010879942245     
   25.234635620000006        1.2987073040460189     
   25.263794130000004        1.2987124048761569     
   25.292952640000006        1.2986983298345678     
   25.322111150000005        1.2986988670880062     
   25.351269660000003        1.2986941830696503     
   25.380428170000005        1.2986930351777199     
   25.409586680000007        1.2986956250305033     
   25.438745190000009        1.2986915587171157     
   25.467903700000008        1.2986959888592866     
   25.497062210000010        1.2986957111609452     
   25.526220720000008        1.2986818434217826     
   25.555379230000007        1.2986800365347113     
   25.584537740000009        1.2986896789563660     
   25.613696250000007        1.2986770541468291     
   25.642854760000006        1.2986813697158086     
   25.672013270000008        1.2986779451376564     
   25.701171780000006        1.2986819173543276     
   25.730330290000008        1.2986773878957554     
   25.759488800000007        1.2986811206626303     
   25.788647310000005        1.2986728483375465     
   25.817805820000007        1.2986741424839878     
   25.846964330000006        1.2986708740549062     
   25.876122840000008        1.2986615070853627     
   25.905281350000006        1.2986628079255695     
   25.934439860000005        1.2986558962420118     
   25.963598370000007        1.2986568983130151     
   25.992756880000005        1.2986584129470227     
   26.021915390000007        1.2986466716579763     
   26.051073900000006        1.2986527262950376     
   26.080232410000004        1.2986381602068264     
   26.109390920000006        1.2986540224739456     
   26.138549430000005        1.2986365619242644     
   26.167707940000007        1.2986357487084104     
   26.196866450000005        1.2986480619223277     
   26.226024960000007        1.2986300880299739     
   26.255183470000009        1.2986328422573088     
   26.284341980000008        1.2986393544143842     
   26.313500490000010        1.2986334114342113     
   26.342659000000008        1.2986368597373299     
   26.371817510000007        1.2986249756279553     
   26.400976020000009        1.2986289660980130     
   26.430134530000007        1.2986208632495588     
   26.459293040000009        1.2986210921449279     
   26.488451550000008        1.2986172704448751     
   26.517610060000006        1.2986098178513081     
   26.546768570000008        1.2986212266316168     
   26.575927080000007        1.2986106127578616     
   26.605085590000009        1.2986050485109306     
   26.634244100000007        1.2985986080490741     
   26.663402610000006        1.2986035164290728     
   26.692561120000008        1.2986044134600219     
   26.721719630000006        1.2986029717548693     
   26.750878140000008        1.2985903457032877     
   26.780036650000007        1.2985941269651893     
   26.809195160000005        1.2985965454992310     
   26.838353670000007        1.2985956493236706     
   26.867512180000006        1.2985915021866572     
   26.896670690000008        1.2985924719126354     
   26.925829200000006        1.2985975181744409     
   26.954987710000005        1.2985869740151059     
   26.984146220000007        1.2985756998423221     
   27.013304730000005        1.2985773677192189     
   27.042463240000004        1.2985816821573239     
   27.071621750000009        1.2985794287779298     
   27.100780260000008        1.2985765421064863     
   27.129938770000010        1.2985719399828184     
   27.159097280000008        1.2985770455336993     
   27.188255790000010        1.2985642421448103     
   27.217414300000009        1.2985718108759035     
   27.246572810000007        1.2985619803155495     
   27.275731320000009        1.2985587647577677     
   27.304889830000008        1.2985578879258932     
   27.334048340000006        1.2985557405970456     
   27.363206850000008        1.2985479130574638     
   27.392365360000007        1.2985517998791825     
   27.421523870000009        1.2985546392132588     
   27.450682380000007        1.2985574659521120     
   27.479840890000006        1.2985401501913008     
   27.508999400000008        1.2985494695408937     
   27.538157910000006        1.2985418200290333     
   27.567316420000008        1.2985481236414511     
   27.596474930000007        1.2985354263829774     
   27.625633440000005        1.2985481567799722     
   27.654791950000007        1.2985290361771091     
   27.683950460000005        1.2985272622729824     
   27.713108970000008        1.2985302205963112     
   27.742267480000006        1.2985194547314478     
   27.771425990000004        1.2985225293652489     
   27.800584500000006        1.2985308370035931     
   27.829743010000005        1.2985245028134582     
   27.858901520000007        1.2985237294920942     
   27.888060030000009        1.2985174931057828     
   27.917218540000007        1.2985137040085031     
   27.946377050000009        1.2985120542159800     
   27.975535560000008        1.2985145756674674     
   28.004694070000010        1.2985130898660868     
   28.033852580000008        1.2985074816867341     
   28.063011090000007        1.2985027280045200     
   28.092169600000009        1.2984928833179450     
   28.121328110000007        1.2984967980785953     
   28.150486620000009        1.2985036138606576     
   28.179645130000008        1.2984882349043476     
   28.208803640000006        1.2984948301128021     
   28.237962150000008        1.2984904579890568     
   28.267120660000007        1.2984844639174713     
   28.296279170000009        1.2984876003449239     
   28.325437680000007        1.2984890046487796     
   28.354596190000006        1.2984840955117618     
   28.383754700000008        1.2984872295672432     
   28.412913210000006        1.2984862085497351     
   28.442071720000008        1.2984729543172928     
   28.471230230000007        1.2984725516210796     
   28.500388740000005        1.2984775235685906     
   28.529547250000007        1.2984660907382877     
   28.558705760000006        1.2984651571501473     
   28.587864270000008        1.2984594505094142     
   28.617022780000006        1.2984567812383436     
   28.646181290000005        1.2984595977601900     
   28.675339800000007        1.2984557716335789     
   28.704498310000005        1.2984563838805916     
   28.733656820000011        1.2984633791976949     
   28.762815330000009        1.2984563127742212     
   28.791973840000008        1.2984475275224800     
   28.821132350000010        1.2984396404101120     
   28.850290860000008        1.2984490796943418     
   28.879449370000010        1.2984453100660327     
   28.908607880000009        1.2984391952865619     
   28.937766390000007        1.2984459723261843     
   28.966924900000009        1.2984407937473859     
   28.996083410000008        1.2984394142626017     
   29.025241920000010        1.2984309758668324     
   29.054400430000008        1.2984312047080406     
   29.083558940000007        1.2984319089455623     
   29.112717450000009        1.2984298357507471     
   29.141875960000007        1.2984227416403786     
   29.171034470000006        1.2984234698000579     
   29.200192980000008        1.2984221569495964     
   29.229351490000006        1.2984165775735592     
   29.258510000000008        1.2984184939597700     
   29.287668510000007        1.2984208579089640     
   29.316827020000005        1.2984142540954178     
   29.345985530000007        1.2984112103678316     
   29.375144040000006        1.2984054136397389     
   29.404302550000008        1.2984054027758298     
   29.433461060000006        1.2983934949137685     
   29.462619570000005        1.2983983936148957     
   29.491778080000007        1.2984015245575808     
   29.520936590000005        1.2983956862601111     
   29.550095100000011        1.2983919175068335     
   29.579253610000009        1.2983889874906525     
   29.608412120000008        1.2983924846926536     
   29.637570630000010        1.2983907277521023     
   29.666729140000008        1.2983860949871529     
   29.695887650000010        1.2983794750819642     
   29.725046160000009        1.2983876400459726     
   29.754204670000007        1.2983764203314225     
   29.783363180000009        1.2983728073935161     
   29.812521690000008        1.2983616872527985     
   29.841680200000010        1.2983728355950042     
   29.870838710000008        1.2983717174762777     
   29.899997220000007        1.2983706435178404     
   29.929155730000009        1.2983696415889598     
