  0.10000000000000001       -1.4911691515140597     
  0.12915851000000000       -1.4995420380668152     
  0.15831702000000000       -1.5086386081199932     
  0.18747553000000003       -1.5173076003543029     
  0.21663404000000003       -1.5268027933579578     
  0.24579255000000003       -1.5368894487339171     
  0.27495106000000002       -1.5465081501623168     
  0.30410957000000005       -1.5557228639347003     
  0.33326808000000008       -1.5653339791763059     
  0.36242659000000005       -1.5752523923696604     
  0.39158510000000002       -1.5847662190066023     
  0.42074361000000010       -1.5951631529551402     
  0.44990212000000007       -1.6044888129940014     
  0.47906063000000010       -1.6145808908064063     
  0.50821914000000012       -1.6236815092627435     
  0.53737765000000015       -1.6337476871816621     
  0.56653616000000007       -1.6431998844070534     
  0.59569467000000020       -1.6523857543408069     
  0.62485318000000001       -1.6621973242560260     
  0.65401169000000015       -1.6718602977883874     
  0.68317020000000006       -1.6815963829264771     
  0.71232871000000009       -1.6904044696633147     
  0.74148722000000022       -1.6999986090339105     
  0.77064573000000014       -1.7096347000692727     
  0.79980424000000017       -1.7191066209107553     
  0.82896275000000008       -1.7280729332528100     
  0.85812126000000022       -1.7374583268356278     
  0.88727977000000002       -1.7466712648755622     
  0.91643828000000016       -1.7559416181892704     
  0.94559679000000030       -1.7647122977557577     
  0.97475530000000021       -1.7743597262511683     
   1.0039138100000002       -1.7834030562337839     
   1.0330723200000000       -1.7923859432651583     
   1.0622308300000003       -1.8007100319835441     
   1.0913893400000001       -1.8098686295370570     
   1.1205478500000003       -1.8187859311925714     
   1.1497063600000001       -1.8270897858111523     
   1.1788648700000002       -1.8359849889142599     
   1.2080233800000002       -1.8448797797078638     
   1.2371818900000002       -1.8528162088857743     
   1.2663404000000000       -1.8612813033107753     
   1.2954989100000003       -1.8699558292029683     
   1.3246574200000003       -1.8779588285056870     
   1.3538159300000001       -1.8860048059302175     
   1.3829744400000004       -1.8941162054348457     
   1.4121329500000002       -1.9020178113743487     
   1.4412914600000002       -1.9097758487360530     
   1.4704499700000002       -1.9176875803351801     
   1.4996084800000002       -1.9253040006095676     
   1.5287669900000003        1.9323867967646200     
   1.5579255000000003        1.9399882954324728     
   1.5870840100000003        1.9471060614181301     
   1.6162425200000001        1.9542087850153476     
   1.6454010300000004        1.9613594462828667     
   1.6745595400000002        1.9684026377343682     
   1.7037180500000002        1.9749121118652235     
   1.7328765600000005        1.9815775111806724     
   1.7620350700000003        1.9877955757238197     
   1.7911935800000005        1.9942656143548054     
   1.8203520900000003        2.0004924747049904     
   1.8495106000000003        2.0064089813866044     
   1.8786691100000004        2.0123403579343955     
   1.9078276200000004        2.0179793635800642     
   1.9369861300000002        2.0235849344014007     
   1.9661446400000004        2.0289168532317365     
   1.9953031500000005        2.0341640799625109     
   2.0244616600000005        2.0391970354916502     
   2.0536201700000003        2.0440463689412649     
   2.0827786800000001        2.0487690369681713     
   2.1119371900000004        2.0532180196671450     
   2.1410957000000006        2.0575918821483725     
   2.1702542100000004        2.0616404864523092     
   2.1994127200000002        2.0656400396576964     
   2.2285712300000005        2.0693967893865834     
   2.2577297400000007        2.0728420973813608     
   2.2868882500000005        2.0762211995260387     
   2.3160467600000003        2.0792593314983785     
   2.3452052700000006        2.0820885602701500     
   2.3743637800000004        2.0847390866722706     
   2.4035222900000002        2.0872870625487483     
   2.4326808000000004        2.0894521741018259     
   2.4618393100000007        2.0914938523430182     
   2.4909978200000005        2.0931299440844535     
   2.5201563300000003        2.0946389286800167     
   2.5493148400000005        2.0958897665215024     
   2.5784733500000003        2.0969898282127337     
   2.6076318600000006        2.0977698272161973     
   2.6367903700000004        2.0982251578828213     
   2.6659488800000006        2.0984913804288792     
   2.6951073900000004        2.0984806898036523     
   2.7242659000000002        2.0981220132574832     
   2.7534244100000005        2.0975900593283789     
   2.7825829200000007        2.0968762654988553     
   2.8117414300000005        2.0957910120796042     
   2.8408999400000003        2.0943821776475393     
   2.8700584500000006        2.0928087744456048     
   2.8992169600000004        2.0909569646127970     
   2.9283754700000002        2.0886591537677122     
   2.9575339800000009        2.0862677186314325     
   2.9866924900000007        2.0835516340659206     
   3.0158510000000005        2.0805931678335883     
   3.0450095100000003        2.0772321774160343     
   3.0741680200000006        2.0736310670013309     
   3.1033265300000008        2.0699245023585546     
   3.1324850400000006        2.0660549951289919     
   3.1616435500000009        2.0613948092967767     
   3.1908020600000007        2.0568431332927251     
   3.2199605700000005        2.0519876498871779     
   3.2491190800000003        2.0468122140650244     
   3.2782775900000010        2.0414075474999356     
   3.3074361000000008        2.0357711245554295     
   3.3365946100000006        2.0299037363476184     
   3.3657531200000008        2.0238004536574721     
   3.3949116300000006        2.0174848917559118     
   3.4240701400000004        2.0108465455574240     
   3.4532286500000007        2.0039315129979833     
   3.4823871600000009        1.9969519600679058     
   3.5115456700000007        1.9897384733625794     
   3.5407041800000005        1.9823147842243858     
   3.5698626900000003        1.9746738650934239     
   3.5990212000000010        1.9670564202919552     
   3.6281797100000008        1.9590213327507144     
   3.6573382200000006        1.9508516375882023     
   3.6864967300000009        1.9426437536793562     
   3.7156552400000007        1.9341283199346406     
   3.7448137500000005        1.9256549226907163     
   3.7739722600000007        1.9169901921410299     
   3.8031307700000010        1.9081738357657176     
   3.8322892800000008        1.8992227869311520     
   3.8614477900000006        1.8901194991510772     
   3.8906063000000009        1.8811273115901428     
   3.9197648100000007        1.8718054530148995     
   3.9489233200000009        1.8626178540867981     
   3.9780818300000007        1.8532983990023679     
   4.0072403400000010        1.8439026542601082     
   4.0363988500000012        1.8344222045593546     
   4.0655573600000006        1.8248390572257138     
   4.0947158700000008        1.8153915715927240     
   4.1238743800000011        1.8059706101626556     
   4.1530328900000004        1.7962382275244941     
   4.1821914000000007        1.7866967256906026     
   4.2113499100000009        1.7771149138782154     
   4.2405084200000012        1.7675576171610359     
   4.2696669300000014        1.7581224771072437     
   4.2988254400000008        1.7485823171774151     
   4.3279839500000010        1.7390524027334748     
   4.3571424600000022        1.7295502594452519     
   4.3863009700000015        1.7201775984063117     
   4.4154594800000018        1.7107999859756191     
   4.4446179900000011        1.7014433500981154     
   4.4737765000000014        1.6923419642905062     
   4.5029350100000007        1.6830288229634605     
   4.5320935200000010        1.6738125771828867     
   4.5612520300000021        1.6648752880823958     
   4.5904105400000015        1.6558254783859110     
   4.6195690500000017        1.6468171214637133     
   4.6487275600000011        1.6380127987191699     
   4.6778860700000013        1.6292605670746989     
   4.7070445800000016        1.6205537106962804     
   4.7362030900000009        1.6121553061743257     
   4.7653616000000012        1.6035981780435120     
   4.7945201100000014        1.5951587267674125     
   4.8236786200000017        1.5869642373009096     
   4.8528371300000019        1.5786979304330095     
   4.8819956400000013        1.5707335162943314     
   4.9111541500000016        1.5628469157350482     
   4.9403126600000009        1.5548506813945095     
   4.9694711700000012        1.5470706670953833     
   4.9986296800000014        1.5394592611750937     
   5.0277881900000017        1.5319346602381732     
   5.0569467000000019        1.5247222954919617     
   5.0861052100000013        1.5173769851389238     
   5.1152637200000015        1.5101457101360645     
   5.1444222300000009        1.5031060514726753     
   5.1735807400000011        1.4962296094818022     
   5.2027392500000023        1.4892726949473749     
   5.2318977600000016        1.4826500035534189     
   5.2610562700000019        1.4759787778898767     
   5.2902147800000012        1.4695961859345648     
   5.3193732900000015        1.4632332353221011     
   5.3485318000000008        1.4570220287327125     
   5.3776903100000011        1.4509107278594604     
   5.4068488200000022        1.4449254330331500     
   5.4360073300000016        1.4390697968278032     
   5.4651658400000018        1.4333129420924611     
   5.4943243500000012        1.4276683550658293     
   5.5234828600000014        1.4221542350854872     
   5.5526413700000017        1.4167703758312795     
   5.5817998800000010        1.4114855151975241     
   5.6109583900000022        1.4063078548364225     
   5.6401169000000015        1.4012635307449355     
   5.6692754100000018        1.3963208600883998     
   5.6984339200000020        1.3914948311852067     
   5.7275924300000014        1.3868000355296137     
   5.7567509400000016        1.3821987916358993     
   5.7859094500000010        1.3777061257108387     
   5.8150679600000021        1.3733334853728809     
   5.8442264700000015        1.3690663599311998     
   5.8733849800000018        1.3649183082505110     
   5.9025434900000020        1.3608568126902449     
   5.9317020000000014        1.3569141508952038     
   5.9608605100000016        1.3530669757764635     
   5.9900190200000010        1.3493350068636725     
   6.0191775300000021        1.3457009273709830     
   6.0483360400000024        1.3421740362137384     
   6.0774945500000017        1.3387328492258976     
   6.1066530600000020        1.3353913406274107     
   6.1358115700000013        1.3321672017065966     
   6.1649700800000016        1.3290166571371886     
   6.1941285900000009        1.3259762730892064     
   6.2232871000000021        1.3230480959396109     
   6.2524456100000023        1.3201714670590823     
   6.2816041200000017        1.3174155721322789     
   6.3107626300000019        1.3147400355353622     
   6.3399211400000013        1.3121593127241864     
   6.3690796500000015        1.3096506794382554     
   6.3982381600000018        1.3072386959771654     
   6.4273966700000020        1.3049014795194485     
   6.4565551800000023        1.3026727258894473     
   6.4857136900000016        1.3004916752872442     
   6.5148722000000019        1.2984131489679553     
   6.5440307100000021        1.2964120992125641     
   6.5731892200000015        1.2944832151423005     
   6.6023477300000017        1.2926259885604521     
   6.6315062400000020        1.2908547072105567     
   6.6606647500000022        1.2891464043351866     
   6.6898232600000016        1.2874973243515329     
   6.7189817700000019        1.2859518071473262     
   6.7481402800000021        1.2844452425074364     
   6.7772987900000015        1.2830128721740477     
   6.8064573000000017        1.2816580388168537     
   6.8356158100000011        1.2803574740039052     
   6.8647743200000022        1.2791228467989699     
   6.8939328300000025        1.2779576710246983     
   6.9230913400000018        1.2768482441991109     
   6.9522498500000021        1.2757856459154955     
   6.9814083600000014        1.2747882899933785     
   7.0105668700000017        1.2738504547753746     
   7.0397253800000010        1.2729587874221333     
   7.0688838900000022        1.2721289058378245     
   7.0980424000000024        1.2713352205228239     
   7.1272009100000018        1.2705987686421949     
   7.1563594200000020        1.2699164542894739     
   7.1855179300000014        1.2692810734963840     
   7.2146764400000016        1.2686999317564591     
   7.2438349500000019        1.2681509676891494     
   7.2729934600000021        1.2676425172703414     
   7.3021519700000024        1.2671852350150647     
   7.3313104800000017        1.2667636732566190     
   7.3604689900000020        1.2663772734789287     
   7.3896275000000022        1.2660453947902093     
   7.4187860100000016        1.2657394148562735     
   7.4479445200000018        1.2654689029391288     
   7.4771030300000021        1.2652265504243105     
   7.5062615400000023        1.2650184881479443     
   7.5354200500000017        1.2648495788790231     
   7.5645785600000019        1.2647187572079124     
   7.5937370700000022        1.2646013081602745     
   7.6228955800000016        1.2645217760302099     
   7.6520540900000018        1.2644714976322275     
   7.6812126000000021        1.2644368743126713     
   7.7103711100000023        1.2644410601653149     
   7.7395296200000026        1.2644564595104930     
   7.7686881300000019        1.2645030226070408     
   7.7978466400000022        1.2645697186093470     
   7.8270051500000015        1.2646525170500236     
   7.8561636600000018        1.2647535994174397     
   7.8853221700000029        1.2648852730522404     
   7.9144806800000023        1.2650273648266761     
   7.9436391900000025        1.2652012948732478     
   7.9727977000000019        1.2653726510798637     
   8.0019562100000012        1.2655698826533648     
   8.0311147200000015        1.2657667509115744     
   8.0602732300000017        1.2659900208740611     
   8.0894317400000020        1.2662353287581112     
   8.1185902500000022        1.2664769617877416     
   8.1477487600000025        1.2667317993088771     
   8.1769072700000027        1.2670134892678400     
   8.2060657800000012        1.2672874055813854     
   8.2352242900000014        1.2675745644255967     
   8.2643828000000017        1.2678754325756294     
   8.2935413100000019        1.2681752429484887     
   8.3226998200000022        1.2685021363594471     
   8.3518583300000024        1.2688178482896211     
   8.3810168400000027        1.2691483406837454     
   8.4101753500000029        1.2694738586419292     
   8.4393338600000014        1.2698229316420984     
   8.4684923700000017        1.2701637380829154     
   8.4976508800000001        1.2705105304433495     
   8.5268093900000022        1.2708599770233902     
   8.5559679000000024        1.2711984969181687     
   8.5851264100000009        1.2715701635709189     
   8.6142849200000029        1.2719287927957694     
   8.6434434300000014        1.2722797090084337     
   8.6726019400000016        1.2726609333011598     
   8.7017604500000019        1.2730124647004453     
   8.7309189600000021        1.2733860067877358     
   8.7600774700000024        1.2737512108536988     
   8.7892359800000008        1.2741153331059725     
   8.8183944900000011        1.2744786090551734     
   8.8475530000000013        1.2748400994870470     
   8.8767115100000016        1.2752116706311680     
   8.9058700200000001        1.2755644493473304     
   8.9350285300000003        1.2759382894449498     
   8.9641870400000006        1.2763025190587818     
   8.9933455500000008        1.2766644932580078     
   9.0225040600000028        1.2770205997252004     
   9.0516625700000013        1.2773697776677166     
   9.0808210800000015        1.2777081306723259     
   9.1099795900000018        1.2780698653471827     
   9.1391381000000020        1.2784342612580355     
   9.1682966100000023        1.2787631152340666     
   9.1974551200000008        1.2791047250864611     
   9.2266136300000010        1.2794576484563189     
   9.2557721400000013        1.2797881450054855     
   9.2849306500000015        1.2801242196165070     
   9.3140891600000018        1.2804482087072908     
   9.3432476700000002        1.2807828178120253     
   9.3724061800000005        1.2811100427890081     
   9.4015646900000007        1.2814270646987636     
   9.4307232000000010        1.2817448423130731     
   9.4598817100000030        1.2820481723828316     
   9.4890402200000015        1.2823697597818453     
   9.5181987300000017        1.2826597801094364     
   9.5473572400000020        1.2829779150172040     
   9.5765157500000022        1.2832641633409907     
   9.6056742600000025        1.2835638743380198     
   9.6348327700000009        1.2838478924497239     
   9.6639912800000012        1.2841350679294836     
   9.6931497900000014        1.2844173954306000     
   9.7223083000000017        1.2846934728658606     
   9.7514668100000002        1.2849662994319033     
   9.7806253200000004        1.2852468475818628     
   9.8097838300000006        1.2855051086005977     
   9.8389423400000009        1.2857626732088001     
   9.8681008500000029        1.2860350171771786     
   9.8972593600000032        1.2862782757716364     
   9.9264178700000016        1.2865306932704030     
   9.9555763800000019        1.2867890530235857     
   9.9847348900000021        1.2870209413379476     
   10.013893400000002        1.2872491709334155     
   10.043051910000001        1.2874927136530256     
   10.072210420000001        1.2877311407143803     
   10.101368930000001        1.2879414181068791     
   10.130527440000002        1.2881643461549317     
   10.159685950000002        1.2883915230296674     
   10.188844460000000        1.2886078618753756     
   10.218002970000001        1.2888083802033312     
   10.247161480000001        1.2890058456807549     
   10.276319990000003        1.2892245407876803     
   10.305478500000003        1.2894221793494409     
   10.334637010000002        1.2896212659108419     
   10.363795520000002        1.2898003882725362     
   10.392954030000002        1.2899935352599803     
   10.422112540000002        1.2901924901265929     
   10.451271050000003        1.2903753136721896     
   10.480429560000001        1.2905504671183414     
   10.509588070000001        1.2907207462562347     
   10.538746580000002        1.2909054795553261     
   10.567905090000002        1.2910656856119922     
   10.597063600000002        1.2912300763852647     
   10.626222110000000        1.2914126487584507     
   10.655380620000001        1.2915617083061832     
   10.684539130000003        1.2917173386795078     
   10.713697640000003        1.2918808464453435     
   10.742856150000003        1.2920347106016423     
   10.772014660000002        1.2921797915974855     
   10.801173170000002        1.2923192527500964     
   10.830331680000002        1.2924388973256800     
   10.859490190000002        1.2925999669484878     
   10.888648700000001        1.2927345449106324     
   10.917807210000001        1.2928620077492887     
   10.946965720000001        1.2929974416402932     
   10.976124230000002        1.2931274463427449     
   11.005282740000002        1.2932618352841663     
   11.034441250000000        1.2933789526247466     
   11.063599760000001        1.2935009816170826     
   11.092758270000003        1.2936238368440329     
   11.121916780000003        1.2937450481980628     
   11.151075290000003        1.2938517299583430     
   11.180233800000002        1.2939577885303597     
   11.209392310000002        1.2940614305051974     
   11.238550820000002        1.2941733229778862     
   11.267709330000002        1.2942766661607683     
   11.296867840000003        1.2943830686576456     
   11.326026350000001        1.2944927917851774     
   11.355184860000001        1.2945725972156121     
   11.384343370000002        1.2946789938112955     
   11.413501880000002        1.2947780723257041     
   11.442660390000002        1.2948763940881767     
   11.471818900000001        1.2949411563374760     
   11.500977410000001        1.2950338325090718     
   11.530135920000003        1.2951330636445211     
   11.559294430000003        1.2951982623397027     
   11.588452940000003        1.2953025783149212     
   11.617611450000002        1.2953724046794490     
   11.646769960000002        1.2954619460102343     
   11.675928470000002        1.2955426863485584     
   11.705086980000003        1.2956074229990067     
   11.734245490000001        1.2956786459788578     
   11.763404000000001        1.2957625152783252     
   11.792562510000002        1.2958305740606297     
   11.821721020000002        1.2958926934183044     
   11.850879530000002        1.2959725055199374     
   11.880038040000001        1.2960544816289588     
   11.909196550000001        1.2961146088781013     
   11.938355060000003        1.2961634255980163     
   11.967513570000003        1.2962267554312079     
   11.996672080000003        1.2962967307404842     
   12.025830590000002        1.2963575094907067     
   12.054989100000002        1.2964205978355672     
   12.084147610000002        1.2964747175410762     
   12.113306120000003        1.2965296001006217     
   12.142464630000003        1.2965828690405419     
   12.171623140000001        1.2966272572546513     
   12.200781650000001        1.2967031480225446     
   12.229940160000002        1.2967418045655132     
   12.259098670000002        1.2967835758391166     
   12.288257180000002        1.2968420699102206     
   12.317415690000001        1.2969043322508431     
   12.346574200000003        1.2969377188010605     
   12.375732710000003        1.2969816944537935     
   12.404891220000003        1.2970265562585874     
   12.434049730000003        1.2970772719422685     
   12.463208240000002        1.2971140934468928     
   12.492366750000002        1.2971573346560370     
   12.521525260000002        1.2972141592989348     
   12.550683770000003        1.2972479302306554     
   12.579842280000001        1.2972817568624817     
   12.609000790000001        1.2973251577054408     
   12.638159300000002        1.2973590966757458     
   12.667317810000002        1.2974055427425908     
   12.696476320000002        1.2974320703921380     
   12.725634830000001        1.2974724078890765     
   12.754793340000003        1.2975265442167374     
   12.783951850000003        1.2975297113298256     
   12.813110360000003        1.2975814046136476     
   12.842268870000003        1.2976186455196921     
   12.871427380000002        1.2976453774316010     
   12.900585890000002        1.2976671414039909     
   12.929744400000002        1.2976960170549015     
   12.958902910000003        1.2977326373568485     
   12.988061420000003        1.2977702748647142     
   13.017219930000001        1.2977887318746566     
   13.046378440000002        1.2978317466805893     
   13.075536950000002        1.2978425061965251     
   13.104695460000002        1.2978654972400636     
   13.133853970000002        1.2979051058008915     
   13.163012480000003        1.2979301862288974     
   13.192170990000003        1.2979404280351676     
   13.221329500000003        1.2979814701446426     
   13.250488010000003        1.2979927017125639     
   13.279646520000004        1.2980195556743184     
   13.308805030000002        1.2980517536501013     
   13.337963540000002        1.2980684109182610     
   13.367122050000003        1.2980993143963575     
   13.396280560000003        1.2981195194213504     
   13.425439070000001        1.2981270741115372     
   13.454597580000001        1.2981477240716606     
   13.483756090000002        1.2981895844289362     
   13.512914600000002        1.2982020810583186     
   13.542073110000002        1.2982186090191699     
   13.571231620000001        1.2982341542504159     
   13.600390130000003        1.2982617964580492     
   13.629548640000003        1.2982705460038906     
   13.658707150000003        1.2982918662641061     
   13.687865660000003        1.2983087658183130     
   13.717024170000002        1.2983293374124709     
   13.746182680000002        1.2983420772167835     
   13.775341190000002        1.2983436980213745     
   13.804499700000003        1.2983703020760116     
   13.833658210000003        1.2983750412499224     
   13.862816720000001        1.2984005104911855     
   13.891975230000002        1.2984210408068193     
   13.921133740000002        1.2984201699533688     
   13.950292250000002        1.2984445718347133     
   13.979450760000002        1.2984580003082824     
   14.008609270000003        1.2984725049105246     
   14.037767780000003        1.2984851777630220     
   14.066926290000003        1.2985096320951550     
   14.096084800000003        1.2985099740951886     
   14.125243310000004        1.2985234078108006     
   14.154401820000002        1.2985331538124512     
   14.183560330000002        1.2985463489518569     
   14.212718840000003        1.2985711173477898     
   14.241877350000003        1.2985700980558752     
   14.271035860000001        1.2985866773961003     
   14.300194370000002        1.2986046082316725     
   14.329352880000002        1.2986155790000986     
   14.358511390000002        1.2986171553636976     
   14.387669900000002        1.2986351983097193     
   14.416828410000003        1.2986493457742849     
   14.445986920000003        1.2986481534584318     
   14.475145430000003        1.2986584641031145     
   14.504303940000003        1.2986546959195751     
   14.533462450000004        1.2986867955324251     
   14.562620960000002        1.2986918998317658     
   14.591779470000002        1.2986944300781822     
   14.620937980000003        1.2986933665864770     
   14.650096490000003        1.2987132145892264     
   14.679255000000003        1.2987150123675173     
   14.708413510000002        1.2987174017630507     
   14.737572020000002        1.2987263524729202     
   14.766730530000002        1.2987387013140919     
   14.795889040000002        1.2987615443769964     
   14.825047550000004        1.2987586721911102     
   14.854206060000003        1.2987666766002062     
   14.883364570000003        1.2987774766910287     
   14.912523080000003        1.2988034024151949     
   14.941681590000004        1.2987892955174212     
   14.970840100000004        1.2987890574367655     
   14.999998610000002        1.2987996785047251     
   15.029157120000002        1.2988076706143252     
   15.058315630000003        1.2988258360978975     
   15.087474140000003        1.2988142316345315     
   15.116632650000001        1.2988299150936538     
   15.145791160000002        1.2988394948612136     
   15.174949670000002        1.2988502285231269     
   15.204108180000002        1.2988381873676680     
   15.233266690000002        1.2988564334275789     
   15.262425200000003        1.2988661196148330     
   15.291583710000003        1.2988631716460650     
   15.320742220000003        1.2988718680040610     
   15.349900730000003        1.2988634381392969     
   15.379059240000004        1.2988889516460325     
   15.408217750000002        1.2988839887118355     
   15.437376260000002        1.2988979243577603     
   15.466534770000003        1.2988854744657103     
   15.495693280000003        1.2989115211910172     
   15.524851790000003        1.2988995498125704     
   15.554010300000002        1.2989007754395949     
   15.583168810000002        1.2989038523995808     
   15.612327320000002        1.2989205375524198     
   15.641485830000002        1.2989112096832389     
   15.670644340000004        1.2989078270707457     
   15.699802850000003        1.2989270505045125     
   15.728961360000003        1.2989282712412209     
   15.758119870000003        1.2989322380894781     
   15.787278380000004        1.2989210741285533     
   15.816436890000004        1.2989317890654419     
   15.845595400000002        1.2989321225010428     
   15.874753910000003        1.2989530724912610     
   15.903912420000003        1.2989385011204140     
   15.933070930000003        1.2989594244905642     
   15.962229440000002        1.2989588909666308     
   15.991387950000002        1.2989637266746441     
   16.020546460000002        1.2989642606442686     
   16.049704970000001        1.2989627895349192     
   16.078863480000003        1.2989731114261174     
   16.108021990000005        1.2989643002700453     
   16.137180500000003        1.2989814876032724     
   16.166339010000005        1.2989715832476387     
   16.195497520000004        1.2989860277173189     
   16.224656030000002        1.2989709008736183     
   16.253814540000004        1.2989738483817710     
   16.282973050000003        1.2989841306350067     
   16.312131560000005        1.2989871385620475     
   16.341290070000003        1.2989829827030088     
   16.370448580000001        1.2989956438326051     
   16.399607090000003        1.2989847999785111     
   16.428765600000002        1.2990211441569273     
   16.457924110000000        1.2989960770785121     
   16.487082620000002        1.2990004266974797     
   16.516241130000004        1.2990041780974735     
   16.545399640000003        1.2989952294110856     
   16.574558150000005        1.2990066388486468     
   16.603716660000003        1.2990196744714335     
   16.632875170000002        1.2990145570494793     
   16.662033680000004        1.2990220304539069     
   16.691192190000002        1.2990158019691875     
   16.720350700000004        1.2990103984071635     
   16.749509210000003        1.2990140695823829     
   16.778667720000001        1.2990105324643693     
   16.807826230000003        1.2990063832079841     
   16.836984740000002        1.2990196845402715     
   16.866143250000004        1.2990254126302803     
   16.895301760000002        1.2990196288141578     
   16.924460270000004        1.2990222899342061     
   16.953618780000003        1.2990193663362348     
   16.982777290000005        1.2990325320915836     
   17.011935800000003        1.2990272119945232     
   17.041094310000002        1.2990270757395350     
   17.070252820000004        1.2990414192891819     
   17.099411330000002        1.2990153722614026     
   17.128569840000008        1.2990409536168199     
   17.157728350000006        1.2990146550726405     
   17.186886860000005        1.2990368153594101     
   17.216045370000007        1.2990322277508000     
   17.245203880000005        1.2990338886731922     
   17.274362390000007        1.2990293758537448     
   17.303520900000006        1.2990297937826170     
   17.332679410000004        1.2990254714419118     
   17.361837920000006        1.2990344180271540     
   17.390996430000005        1.2990453574764598     
   17.420154940000007        1.2990477938876259     
   17.449313450000005        1.2990383320329848     
   17.478471960000004        1.2990446782578411     
   17.507630470000006        1.2990411488875258     
   17.536788980000004        1.2990382252017025     
   17.565947490000006        1.2990423606506871     
   17.595106000000005        1.2990373746224748     
   17.624264510000003        1.2990429968293540     
   17.653423020000005        1.2990450000988905     
   17.682581530000004        1.2990411206497037     
   17.711740040000006        1.2990468745945563     
   17.740898550000004        1.2990348180412019     
   17.770057060000003        1.2990337364279745     
   17.799215570000005        1.2990509755358666     
   17.828374080000003        1.2990378155925935     
   17.857532590000005        1.2990354200169809     
   17.886691100000004        1.2990332180529460     
   17.915849610000002        1.2990446670365121     
   17.945008120000008        1.2990520101676368     
   17.974166630000006        1.2990424771842630     
   18.003325140000008        1.2990507782478153     
   18.032483650000007        1.2990488699182927     
   18.061642160000005        1.2990344235748561     
   18.090800670000007        1.2990509155648990     
   18.119959180000006        1.2990363445145359     
   18.149117690000008        1.2990396780899605     
   18.178276200000006        1.2990355081757783     
   18.207434710000005        1.2990407576766578     
   18.236593220000007        1.2990569898774216     
   18.265751730000005        1.2990482707313158     
   18.294910240000007        1.2990360225853488     
   18.324068750000006        1.2990507040677319     
   18.353227260000004        1.2990400155694206     
   18.382385770000006        1.2990517759701166     
   18.411544280000005        1.2990434918094083     
   18.440702790000003        1.2990487821865151     
   18.469861300000005        1.2990327348056192     
   18.499019810000004        1.2990478666193017     
   18.528178320000006        1.2990362093887278     
   18.557336830000004        1.2990289760627265     
   18.586495340000003        1.2990265948431698     
   18.615653850000005        1.2990344159110423     
   18.644812360000003        1.2990384971911988     
   18.673970870000005        1.2990315871403413     
   18.703129380000004        1.2990401193798331     
   18.732287890000002        1.2990192941467258     
   18.761446400000004        1.2990372588914452     
   18.790604910000006        1.2990304125446799     
   18.819763420000008        1.2990441315406289     
   18.848921930000007        1.2990355847366490     
   18.878080440000005        1.2990416482266127     
   18.907238950000007        1.2990368701418531     
   18.936397460000006        1.2990268282871456     
   18.965555970000008        1.2990178701249320     
   18.994714480000006        1.2990311255500393     
   19.023872990000005        1.2990415243590663     
   19.053031500000007        1.2990344699627607     
   19.082190010000005        1.2990348139604606     
   19.111348520000007        1.2990365927440872     
   19.140507030000006        1.2990338288327077     
   19.169665540000004        1.2990237239279954     
   19.198824050000006        1.2990240545994927     
   19.227982560000004        1.2990291243710868     
   19.257141070000007        1.2990242839868829     
   19.286299580000005        1.2990287056316574     
   19.315458090000003        1.2990108364532520     
   19.344616600000005        1.2990208342847147     
   19.373775110000004        1.2990114636213688     
   19.402933620000006        1.2990090872108582     
   19.432092130000004        1.2990204042370375     
   19.461250640000003        1.2990089037135006     
   19.490409150000005        1.2990204566724248     
   19.519567660000003        1.2990246513177293     
   19.548726170000005        1.2990047466898629     
   19.577884680000004        1.2990221463270626     
   19.607043190000006        1.2990129861876312     
   19.636201700000008        1.2990251069552756     
   19.665360210000006        1.2990214989122113     
   19.694518720000008        1.2990152228978726     
   19.723677230000007        1.2990143135630918     
   19.752835740000005        1.2990130433977909     
   19.781994250000007        1.2990171147332965     
   19.811152760000006        1.2989996519427729     
   19.840311270000008        1.2990142374471645     
   19.869469780000006        1.2990081268200360     
   19.898628290000005        1.2989993747865871     
   19.927786800000007        1.2989906857743883     
   19.956945310000005        1.2989921841146186     
   19.986103820000007        1.2990163939388777     
   20.015262330000006        1.2989939291316581     
   20.044420840000004        1.2989876141600438     
   20.073579350000006        1.2989973849217522     
   20.102737860000005        1.2990053642913544     
   20.131896370000003        1.2990030698480342     
   20.161054880000005        1.2990004747189436     
   20.190213390000004        1.2989969758792566     
   20.219371900000006        1.2990027046265999     
   20.248530410000004        1.2989995651147035     
   20.277688920000003        1.2989848630698713     
   20.306847430000005        1.2989968380147947     
   20.336005940000003        1.2989924060920974     
   20.365164450000005        1.2989864705170771     
   20.394322960000004        1.2989908519372408     
   20.423481470000009        1.2989782490142010     
   20.452639980000008        1.2989733763044158     
   20.481798490000006        1.2989881391077100     
   20.510957000000008        1.2989790125979912     
   20.540115510000007        1.2989858794986056     
   20.569274020000005        1.2989737981536718     
   20.598432530000007        1.2989715301737268     
   20.627591040000006        1.2989763212826813     
   20.656749550000008        1.2989649322235857     
   20.685908060000006        1.2989855045274861     
   20.715066570000005        1.2989684993880979     
   20.744225080000007        1.2989699461796733     
   20.773383590000005        1.2989737672026003     
   20.802542100000007        1.2989661230497247     
   20.831700610000006        1.2989762820387352     
   20.860859120000004        1.2989599237463800     
   20.890017630000006        1.2989586544407405     
   20.919176140000005        1.2989694533682301     
   20.948334650000007        1.2989705381003220     
   20.977493160000005        1.2989622421659475     
   21.006651670000004        1.2989594167937264     
   21.035810180000006        1.2989546769885911     
   21.064968690000004        1.2989517490679616     
   21.094127200000006        1.2989565751071086     
   21.123285710000005        1.2989500839276378     
   21.152444220000003        1.2989458157795510     
   21.181602730000005        1.2989452641633765     
   21.210761240000004        1.2989538245072998     
   21.239919750000006        1.2989462253708508     
   21.269078260000008        1.2989426487611926     
   21.298236770000006        1.2989348945856853     
   21.327395280000008        1.2989378780951841     
   21.356553790000007        1.2989459904193357     
   21.385712300000009        1.2989459070843508     
   21.414870810000007        1.2989357723035864     
   21.444029320000006        1.2989418570576128     
   21.473187830000008        1.2989357863901787     
   21.502346340000006        1.2989249481501586     
   21.531504850000008        1.2989346157495889     
   21.560663360000007        1.2989381121387300     
   21.589821870000005        1.2989340300936472     
   21.618980380000007        1.2989264278718260     
   21.648138890000006        1.2989260159328442     
   21.677297400000008        1.2989339681761716     
   21.706455910000006        1.2989284048637271     
   21.735614420000005        1.2989191521471986     
   21.764772930000007        1.2989165563115961     
   21.793931440000005        1.2989288547623394     
   21.823089950000007        1.2989213281910366     
   21.852248460000006        1.2989179787408534     
   21.881406970000004        1.2989303343939935     
   21.910565480000006        1.2989233719942670     
   21.939723990000005        1.2989049736757960     
   21.968882500000003        1.2989128609375005     
   21.998041010000005        1.2989120956850266     
   22.027199520000003        1.2989087446510439     
   22.056358030000005        1.2989009647946252     
   22.085516540000008        1.2988856848908656     
   22.114675050000010        1.2989096172141397     
   22.143833560000008        1.2988961250065700     
   22.172992070000006        1.2988861182801645     
   22.202150580000009        1.2988934197330464     
   22.231309090000007        1.2988853174579400     
   22.260467600000005        1.2988962986687871     
   22.289626110000007        1.2988905396587458     
   22.318784620000006        1.2988948802266556     
   22.347943130000008        1.2988806319066037     
   22.377101640000006        1.2988894140301850     
   22.406260150000005        1.2988932453370918     
   22.435418660000007        1.2988810155162436     
   22.464577170000005        1.2988868597772356     
   22.493735680000007        1.2988663451009785     
   22.522894190000006        1.2988697591101803     
   22.552052700000004        1.2988776541582658     
   22.581211210000006        1.2988691030473194     
   22.610369720000005        1.2988639559154722     
   22.639528230000007        1.2988669103487731     
   22.668686740000005        1.2988713504083955     
   22.697845250000004        1.2988797669328613     
   22.727003760000006        1.2988608608937187     
   22.756162270000004        1.2988714762454572     
   22.785320780000006        1.2988573727803967     
   22.814479290000005        1.2988572533923808     
   22.843637800000003        1.2988617882103024     
   22.872796310000005        1.2988549946428232     
   22.901954820000004        1.2988584775173533     
   22.931113330000009        1.2988647651576704     
   22.960271840000008        1.2988449929267145     
   22.989430350000006        1.2988597536222142     
   23.018588860000008        1.2988487413936862     
   23.047747370000007        1.2988393133392959     
   23.076905880000009        1.2988408039803860     
   23.106064390000007        1.2988419348262210     
   23.135222900000006        1.2988518119847297     
   23.164381410000008        1.2988353631935405     
   23.193539920000006        1.2988401686506252     
   23.222698430000008        1.2988351728619176     
   23.251856940000007        1.2988384524704799     
   23.281015450000005        1.2988261737110878     
   23.310173960000007        1.2988281202167631     
   23.339332470000006        1.2988239087879192     
   23.368490980000008        1.2988248813546155     
   23.397649490000006        1.2988162620299641     
   23.426808000000005        1.2988210645402503     
   23.455966510000007        1.2988227679675806     
   23.485125020000005        1.2988174745744245     
   23.514283530000007        1.2988193546664049     
   23.543442040000006        1.2988214770311288     
   23.572600550000004        1.2988195508848064     
   23.601759060000006        1.2988142385120771     
   23.630917570000005        1.2988069880927633     
   23.660076080000003        1.2988031438408179     
   23.689234590000005        1.2988092315775681     
   23.718393100000004        1.2988099045223611     
   23.747551610000009        1.2988071203942335     
   23.776710120000008        1.2988032622143277     
   23.805868630000010        1.2987965493304592     
   23.835027140000008        1.2988116564692724     
   23.864185650000007        1.2987970474306281     
   23.893344160000009        1.2987811267442024     
   23.922502670000007        1.2987933636056808     
   23.951661180000006        1.2987888899940347     
   23.980819690000008        1.2987886197011322     
   24.009978200000006        1.2987828841413560     
   24.039136710000008        1.2987842596579329     
   24.068295220000007        1.2987954276966445     
   24.097453730000005        1.2987706623392077     
   24.126612240000007        1.2987798744682182     
   24.155770750000006        1.2987677697246358     
   24.184929260000008        1.2987746790498109     
   24.214087770000006        1.2987644756914167     
   24.243246280000005        1.2987675483319774     
   24.272404790000007        1.2987704271756078     
   24.301563300000005        1.2987650800449702     
   24.330721810000007        1.2987625524968065     
   24.359880320000006        1.2987670727668266     
   24.389038830000004        1.2987543598432318     
   24.418197340000006        1.2987682058143601     
   24.447355850000005        1.2987579489111674     
   24.476514360000007        1.2987674031866243     
   24.505672870000005        1.2987507565607121     
   24.534831380000004        1.2987466959846148     
   24.563989890000006        1.2987467071964069     
   24.593148400000008        1.2987520302265052     
   24.622306910000010        1.2987451887357340     
   24.651465420000008        1.2987487073089565     
   24.680623930000007        1.2987487258552872     
   24.709782440000009        1.2987476501044131     
   24.738940950000007        1.2987366207513991     
   24.768099460000009        1.2987340103702012     
   24.797257970000008        1.2987336757637893     
   24.826416480000006        1.2987287167008992     
   24.855574990000008        1.2987265748360286     
   24.884733500000007        1.2987293191734641     
   24.913892010000009        1.2987290234165478     
   24.943050520000007        1.2987279073032791     
   24.972209030000005        1.2987208455977015     
   25.001367540000007        1.2987236455529239     
   25.030526050000006        1.2987282105323532     
   25.059684560000008        1.2987150533570095     
   25.088843070000006        1.2987282160575206     
   25.118001580000005        1.2987188423126765     
   25.147160090000007        1.2987107074290356     
   25.176318600000005        1.2987146253150768     
   25.205477110000007        1.2987166313011882     
   25.234635620000006        1.2987070382366412     
   25.263794130000004        1.2986982109773024     
   25.292952640000006        1.2987038368639321     
   25.322111150000005        1.2987046255866435     
   25.351269660000003        1.2987038765719181     
   25.380428170000005        1.2986986265164127     
   25.409586680000007        1.2986946500341618     
   25.438745190000009        1.2986921962868962     
   25.467903700000008        1.2986833937996025     
   25.497062210000010        1.2986825175171703     
   25.526220720000008        1.2986905430841063     
   25.555379230000007        1.2986840082081188     
   25.584537740000009        1.2986776597452938     
   25.613696250000007        1.2986829767468930     
   25.642854760000006        1.2986749960312347     
   25.672013270000008        1.2986774696276813     
   25.701171780000006        1.2986669634555881     
   25.730330290000008        1.2986660703826576     
   25.759488800000007        1.2986623858738147     
   25.788647310000005        1.2986617229125654     
   25.817805820000007        1.2986615323420365     
   25.846964330000006        1.2986552799783291     
   25.876122840000008        1.2986650857855073     
   25.905281350000006        1.2986555887424214     
   25.934439860000005        1.2986558703642179     
   25.963598370000007        1.2986543371681705     
   25.992756880000005        1.2986521257640413     
   26.021915390000007        1.2986581035316558     
   26.051073900000006        1.2986477337725348     
   26.080232410000004        1.2986574837384877     
   26.109390920000006        1.2986381805342997     
   26.138549430000005        1.2986504447522065     
   26.167707940000007        1.2986455276839355     
   26.196866450000005        1.2986323659694923     
   26.226024960000007        1.2986414991366850     
   26.255183470000009        1.2986370479563223     
   26.284341980000008        1.2986311049710964     
   26.313500490000010        1.2986297306802965     
   26.342659000000008        1.2986211527723026     
   26.371817510000007        1.2986301219793368     
   26.400976020000009        1.2986246928454719     
   26.430134530000007        1.2986208107716422     
   26.459293040000009        1.2986211486857129     
   26.488451550000008        1.2986178776711734     
   26.517610060000006        1.2986210755358158     
   26.546768570000008        1.2986101368331453     
   26.575927080000007        1.2986132598881626     
   26.605085590000009        1.2986159390360359     
   26.634244100000007        1.2986187427050981     
   26.663402610000006        1.2986127361270512     
   26.692561120000008        1.2986041913700916     
   26.721719630000006        1.2985995125359344     
   26.750878140000008        1.2986064841790301     
   26.780036650000007        1.2986029500521523     
   26.809195160000005        1.2985965740057168     
   26.838353670000007        1.2985944561101386     
   26.867512180000006        1.2985915566689739     
   26.896670690000008        1.2985847585980430     
   26.925829200000006        1.2985781072075069     
   26.954987710000005        1.2985870140170006     
   26.984146220000007        1.2985889906434893     
   27.013304730000005        1.2985807704675159     
   27.042463240000004        1.2985745945874545     
   27.071621750000009        1.2985711185059881     
   27.100780260000008        1.2985718928274543     
   27.129938770000010        1.2985690981450155     
   27.159097280000008        1.2985601458289813     
   27.188255790000010        1.2985751490998745     
   27.217414300000009        1.2985648660615801     
   27.246572810000007        1.2985677088336465     
   27.275731320000009        1.2985651931303470     
   27.304889830000008        1.2985657186977140     
   27.334048340000006        1.2985624744005122     
   27.363206850000008        1.2985654696804343     
   27.392365360000007        1.2985556945322763     
   27.421523870000009        1.2985472252150976     
   27.450682380000007        1.2985425708190623     
   27.479840890000006        1.2985552543651822     
   27.508999400000008        1.2985373521922450     
   27.538157910000006        1.2985452648085607     
   27.567316420000008        1.2985333191463611     
   27.596474930000007        1.2985450145361486     
   27.625633440000005        1.2985252341517695     
   27.654791950000007        1.2985352865615600     
   27.683950460000005        1.2985379205542569     
   27.713108970000008        1.2985263631339237     
   27.742267480000006        1.2985283269320680     
   27.771425990000004        1.2985269980554179     
   27.800584500000006        1.2985211913223722     
   27.829743010000005        1.2985201869539780     
   27.858901520000007        1.2985148054053093     
   27.888060030000009        1.2985175127243012     
   27.917218540000007        1.2985162908597203     
   27.946377050000009        1.2985158901761329     
   27.975535560000008        1.2985070806071735     
   28.004694070000010        1.2985044001879948     
   28.033852580000008        1.2985063206927283     
   28.063011090000007        1.2985060557348289     
   28.092169600000009        1.2985120464758055     
   28.121328110000007        1.2984989742689237     
   28.150486620000009        1.2984914118940214     
   28.179645130000008        1.2985022728497573     
   28.208803640000006        1.2984926119927229     
   28.237962150000008        1.2984863666110698     
   28.267120660000007        1.2984929766078153     
   28.296279170000009        1.2984865604515039     
   28.325437680000007        1.2984829528549859     
   28.354596190000006        1.2984818436114614     
   28.383754700000008        1.2984729486961821     
   28.412913210000006        1.2984733734765828     
   28.442071720000008        1.2984852751050200     
   28.471230230000007        1.2984767076769852     
   28.500388740000005        1.2984683573573912     
   28.529547250000007        1.2984722453918540     
   28.558705760000006        1.2984705930176783     
   28.587864270000008        1.2984708557797291     
   28.617022780000006        1.2984692604160624     
   28.646181290000005        1.2984595956602598     
   28.675339800000007        1.2984616208692621     
   28.704498310000005        1.2984563649317273     
   28.733656820000011        1.2984468954357495     
   28.762815330000009        1.2984474638921721     
   28.791973840000008        1.2984517014027028     
   28.821132350000010        1.2984543700357083     
   28.850290860000008        1.2984447706674642     
   28.879449370000010        1.2984436738561314     
   28.908607880000009        1.2984437155698079     
   28.937766390000007        1.2984336943769754     
   28.966924900000009        1.2984347092645776     
   28.996083410000008        1.2984320330382395     
   29.025241920000010        1.2984317663519374     
   29.054400430000008        1.2984311934820616     
   29.083558940000007        1.2984246415777825     
   29.112717450000009        1.2984257610567660     
   29.141875960000007        1.2984235644492028     
   29.171034470000006        1.2984227750417525     
   29.200192980000008        1.2984184187209535     
   29.229351490000006        1.2984140230380701     
   29.258510000000008        1.2984169036917237     
   29.287668510000007        1.2984029115814595     
   29.316827020000005        1.2984082945347406     
   29.345985530000007        1.2984066454600141     
   29.375144040000006        1.2984071567011783     
   29.404302550000008        1.2984044489652491     
   29.433461060000006        1.2984084877392088     
   29.462619570000005        1.2983983374715367     
   29.491778080000007        1.2983933115200816     
   29.520936590000005        1.2983994366350626     
   29.550095100000011        1.2983960482762782     
   29.579253610000009        1.2983910966442862     
   29.608412120000008        1.2983895409820305     
   29.637570630000010        1.2983838481638674     
   29.666729140000008        1.2983821172505350     
   29.695887650000010        1.2983855384994589     
   29.725046160000009        1.2983717371328294     
   29.754204670000007        1.2983795104270399     
   29.783363180000009        1.2983779609093715     
   29.812521690000008        1.2983842783109580     
   29.841680200000010        1.2983728602582958     
   29.870838710000008        1.2983651876754776     
   29.899997220000007        1.2983620414183648     
   29.929155730000009        1.2983605021621949     
