  0.10000000000000001       -2.3702726560824553E-015
  0.12915851000000000       -1.6653180737360756E-015
  0.15831702000000000       -3.1217759355552638E-015
  0.18747553000000003       -3.6452084960753493E-015
  0.21663404000000003       -1.5991791909125117E-015
  0.24579255000000003        4.9103699198275134E-016
  0.27495106000000002       -9.4708788960724682E-016
  0.30410957000000005       -3.8416051740424059E-016
  0.33326808000000008        9.1594243024227142E-016
  0.36242659000000005       -5.1768636473298987E-015
  0.39158510000000002       -4.0792016291192772E-015
  0.42074361000000010        6.7794455234660836E-016
  0.44990212000000007       -1.6928643202297426E-015
  0.47906063000000010       -3.5966274135606364E-015
  0.50821914000000012       -4.3213468254617799E-015
  0.53737765000000015       -2.0619814076666924E-015
  0.56653616000000007        1.9656147377037004E-015
  0.59569467000000020        1.7185959682427781E-015
  0.62485318000000001       -2.8440434468870450E-015
  0.65401169000000015        1.8483769895008593E-015
  0.68317020000000006        5.4276811020768219E-015
  0.71232871000000009       -4.1696952815608076E-016
  0.74148722000000022        2.0170059903683211E-015
  0.77064573000000014       -3.9029051439193914E-016
  0.79980424000000017       -1.6921148668977644E-015
  0.82896275000000008        1.6139677000476317E-015
  0.85812126000000022       -1.0620845251504893E-015
  0.88727977000000002       -2.2027783071825610E-015
  0.91643828000000016       -2.7688035970479082E-015
  0.94559679000000030        2.8157584800135239E-015
  0.97475530000000021       -1.5783076818438338E-015
   1.0039138100000002       -2.6675621513114508E-015
   1.0330723200000000        5.7311257070759057E-016
   1.0622308300000003        2.6047174955394920E-016
   1.0913893400000001        3.7852021538229892E-015
   1.1205478500000003       -8.6967032821759928E-016
   1.1497063600000001       -5.8090275713726417E-015
   1.1788648700000002        4.2251688448349429E-015
   1.2080233800000002       -5.7145215920740833E-016
   1.2371818900000002       -5.0734350426009738E-015
   1.2663404000000000       -3.9643968402158395E-015
   1.2954989100000003       -3.9417846932986109E-016
   1.3246574200000003        2.9508813178709994E-015
   1.3538159300000001       -2.9438178994109794E-015
   1.3829744400000004       -2.5710253598358510E-015
   1.4121329500000002        1.1254284201010453E-015
   1.4412914600000002       -4.2531593867260119E-015
   1.4704499700000002       -2.3870746078276257E-016
   1.4996084800000002        6.0572078918901139E-015
   1.5287669900000003       -2.6682086676241585E-016
   1.5579255000000003        4.5219256185766734E-016
   1.5870840100000003        4.8215306867096864E-015
   1.6162425200000001        3.4270998489688930E-015
   1.6454010300000004        2.4757415259757306E-015
   1.6745595400000002       -4.1430972314791256E-015
   1.7037180500000002        2.5766519560391016E-015
   1.7328765600000005       -3.4978553011424040E-015
   1.7620350700000003       -3.2315151376623462E-015
   1.7911935800000005       -6.3011228563487494E-016
   1.8203520900000003        5.1453623283503033E-015
   1.8495106000000003       -3.4508473829301691E-015
   1.8786691100000004        2.4198061456299899E-015
   1.9078276200000004        7.5745236031981502E-015
   1.9369861300000002        2.0712598833740264E-015
   1.9661446400000004       -1.9525038713313686E-015
   1.9953031500000005        2.8079998834377236E-015
   2.0244616600000005       -6.2598317135380136E-016
   2.0536201700000003       -2.2342144658242895E-015
   2.0827786800000001       -1.0536200364697925E-016
   2.1119371900000004        2.6723408508423167E-015
   2.1410957000000006        7.9138814615766297E-015
   2.1702542100000004        4.3014976125828211E-015
   2.1994127200000002        1.4544019164708467E-015
   2.2285712300000005       -1.9019590182650030E-015
   2.2577297400000007       -3.5582111553134536E-015
   2.2868882500000005        2.9082634307275544E-015
   2.3160467600000003        7.6977048028454208E-015
   2.3452052700000006        5.9048762654618131E-015
   2.3743637800000004       -1.9539640838760570E-015
   2.4035222900000002        1.9868852754158941E-015
   2.4326808000000004       -1.2975700819006153E-015
   2.4618393100000007       -1.2727512208642237E-014
   2.4909978200000005       -2.0157157142171371E-015
   2.5201563300000003        6.0916531551631511E-015
   2.5493148400000005       -6.6517610692935794E-015
   2.5784733500000003        3.5312576222927072E-015
   2.6076318600000006        2.1467252908720007E-015
   2.6367903700000004        4.4931208810780460E-015
   2.6659488800000006       -8.4851465253016550E-015
   2.6951073900000004       -6.3951374213227506E-015
   2.7242659000000002       -5.9616762296308464E-015
   2.7534244100000005       -6.6015801960574691E-015
   2.7825829200000007       -4.0957764994361959E-015
   2.8117414300000005       -8.1828270929626951E-015
   2.8408999400000003        5.5759614396772704E-015
   2.8700584500000006       -2.2360055134371532E-015
   2.8992169600000004        2.4170864181573858E-016
   2.9283754700000002       -4.1383239867394902E-015
   2.9575339800000009       -4.7631590773347230E-015
   2.9866924900000007       -3.9189565478191592E-015
   3.0158510000000005       -1.5980083771746619E-015
   3.0450095100000003       -3.3788691587373230E-015
   3.0741680200000006       -6.0550100709403890E-015
   3.1033265300000008       -1.4526096170650838E-014
   3.1324850400000006       -2.7217569427442361E-015
   3.1616435500000009       -2.1371771971613195E-014
   3.1908020600000007        3.9497762556273021E-015
   3.2199605700000005       -6.6030325751576884E-015
   3.2491190800000003       -9.3660931155600721E-016
   3.2782775900000010       -1.5608934178511522E-014
   3.3074361000000008       -1.4918700802643790E-014
   3.3365946100000006       -8.5982241548634493E-015
   3.3657531200000008       -1.4840399969442864E-014
   3.3949116300000006       -2.6757341258917542E-015
   3.4240701400000004       -1.3042823812741615E-014
   3.4532286500000007       -6.3347481180541667E-015
   3.4823871600000009       -1.9334413149689975E-014
   3.5115456700000007       -2.3415418103348084E-014
   3.5407041800000005       -2.3597615458354261E-014
   3.5698626900000003       -1.4901198734563237E-014
   3.5990212000000010       -2.3935709617399598E-014
   3.6281797100000008       -4.8671724016532940E-015
   3.6573382200000006       -2.6826321294616101E-014
   3.6864967300000009       -2.5118626786724761E-014
   3.7156552400000007       -1.8758374896027413E-014
   3.7448137500000005       -1.1001049642652116E-014
   3.7739722600000007       -1.6444549614990956E-014
   3.8031307700000010       -1.9173433592158248E-014
   3.8322892800000008        1.2994223310719364E-014
   3.8614477900000006       -1.7304312044154365E-014
   3.8906063000000009       -1.7579258422036038E-014
   3.9197648100000007       -2.2459551084061878E-014
   3.9489233200000009       -6.7295003529362729E-015
   3.9780818300000007       -7.2090659446420640E-015
   4.0072403400000010        1.9265119186598001E-015
   4.0363988500000012       -2.3138204202938970E-015
   4.0655573600000006       -1.3992557253487769E-014
   4.0947158700000008       -3.3157938240667117E-014
   4.1238743800000011       -2.8701583966805256E-014
   4.1530328900000004       -2.3571124562259897E-014
   4.1821914000000007       -6.4979031736776707E-014
   4.2113499100000009       -4.1400952833273463E-014
   4.2405084200000012       -4.1759427237428508E-014
   4.2696669300000014       -4.2925536528386471E-014
   4.2988254400000008       -6.6113951524815274E-014
   4.3279839500000010       -3.6959457858605282E-014
   4.3571424600000022       -4.1262233446054338E-014
   4.3863009700000015       -4.1770940895911106E-014
   4.4154594800000018       -2.8586005383597437E-014
   4.4446179900000011        1.2283282181930735E-014
   4.4737765000000014        2.2900361714035271E-014
   4.5029350100000007       -4.6066498591255034E-014
   4.5320935200000010       -3.1079333557119893E-014
   4.5612520300000021       -2.3861124238972567E-014
   4.5904105400000015       -5.9749935943925025E-014
   4.6195690500000017       -3.6751880082697617E-014
   4.6487275600000011       -5.6484339249813188E-014
   4.6778860700000013       -3.4214027544715373E-014
   4.7070445800000016       -5.6846219005064573E-014
   4.7362030900000009       -3.2105797062787523E-014
   4.7653616000000012       -8.7077192656354191E-014
   4.7945201100000014       -7.8923758896883300E-014
   4.8236786200000017       -2.3183237194377517E-014
   4.8528371300000019       -1.7260057020825341E-014
   4.8819956400000013       -4.7414571028110624E-014
   4.9111541500000016       -3.6263872343630422E-014
   4.9403126600000009       -2.4934632313583197E-014
   4.9694711700000012       -2.0050405506001408E-014
   4.9986296800000014       -4.6746477164183140E-014
   5.0277881900000017        2.2099230041845040E-014
   5.0569467000000019        5.1209517545453344E-014
   5.0861052100000013        7.6642216286403469E-014
   5.1152637200000015        8.2502977972262927E-014
   5.1444222300000009        8.7462055508275302E-014
   5.1735807400000011        2.1507250945167952E-014
   5.2027392500000023        1.0369011391025170E-013
   5.2318977600000016        5.6849886515686174E-014
   5.2610562700000019        6.6770916278182182E-014
   5.2902147800000012        5.7290707762398162E-014
   5.3193732900000015        4.3757542899271968E-014
   5.3485318000000008        1.0837312215684884E-013
   5.3776903100000011        5.9756501170786488E-014
   5.4068488200000022        8.3410117647729088E-014
   5.4360073300000016       -2.3850465168682218E-014
   5.4651658400000018        4.2370315338640903E-014
   5.4943243500000012        2.9575291121200363E-014
   5.5234828600000014        6.0709104241708961E-014
   5.5526413700000017        3.5601700788210983E-014
   5.5817998800000010        7.9953393848470634E-014
   5.6109583900000022        3.4905188415952031E-014
   5.6401169000000015        2.9437835189637817E-014
   5.6692754100000018        7.8702684401855998E-014
   5.6984339200000020        6.9861880545920821E-014
   5.7275924300000014        6.0838647406861342E-014
   5.7567509400000016        7.4113896710196193E-014
   5.7859094500000010        6.3391958581931024E-014
   5.8150679600000021        2.5017678553398344E-014
   5.8442264700000015       -1.3021428614060918E-014
   5.8733849800000018        1.3282706994730504E-014
   5.9025434900000020        5.1830883598971676E-014
   5.9317020000000014        6.6673347867610483E-014
   5.9608605100000016        3.4122624170720157E-014
   5.9900190200000010        2.4776025831915203E-014
   6.0191775300000021        1.1734107099880795E-013
   6.0483360400000024        7.2031230195462065E-014
   6.0774945500000017        6.7101020736166983E-014
   6.1066530600000020        2.8817987246640486E-014
   6.1358115700000013        9.7478981517777266E-014
   6.1649700800000016        6.1164813537782344E-014
   6.1941285900000009        5.9474025480832973E-014
   6.2232871000000021        6.9362471340392910E-014
   6.2524456100000023        2.9246787304227742E-014
   6.2816041200000017        3.9583387930775369E-014
   6.3107626300000019        4.6607091211903245E-014
   6.3399211400000013        3.2084434588293813E-014
   6.3690796500000015        2.4772274816902716E-014
   6.3982381600000018        7.9451303102169494E-014
   6.4273966700000020        2.1728231170800104E-014
   6.4565551800000023        3.6154298239828109E-014
   6.4857136900000016        2.0987063166003587E-014
   6.5148722000000019        2.2619172054956150E-014
   6.5440307100000021        5.6147859801843965E-014
   6.5731892200000015        2.4980886936775464E-014
   6.6023477300000017       -1.4716112997841369E-014
   6.6315062400000020       -1.6424615717167115E-014
   6.6606647500000022        4.6263303033434634E-014
   6.6898232600000016        4.2238517156782880E-014
   6.7189817700000019        2.3008845334272363E-014
   6.7481402800000021       -1.6257653107690086E-014
   6.7772987900000015        5.3935434998026254E-014
   6.8064573000000017        4.3589488152983654E-014
   6.8356158100000011       -8.9547250023025591E-015
   6.8647743200000022        5.1300324707637980E-014
   6.8939328300000025        1.7702574111764062E-014
   6.9230913400000018       -5.5551475130688138E-014
   6.9522498500000021        1.2128082035939704E-013
   6.9814083600000014       -4.3356438838776409E-014
   7.0105668700000017       -3.7825026898336397E-014
   7.0397253800000010       -2.1608456250437156E-014
   7.0688838900000022        1.3227719850425913E-013
   7.0980424000000024        2.9695876152934400E-014
   7.1272009100000018        5.1625118843228693E-014
   7.1563594200000020       -2.0266925294920405E-014
   7.1855179300000014        8.9276684478900684E-014
   7.2146764400000016        8.1939307741810471E-014
   7.2438349500000019        1.4044912306033699E-014
   7.2729934600000021       -1.2156687260943347E-014
   7.3021519700000024        6.3602802671165525E-015
   7.3313104800000017       -2.5127231137331460E-014
   7.3604689900000020       -8.6699421318006614E-014
   7.3896275000000022        4.1110721419249030E-014
   7.4187860100000016        3.9432044085622344E-014
   7.4479445200000018        3.5968874072108215E-014
   7.4771030300000021        3.4121256611382435E-014
   7.5062615400000023       -1.0845127212157002E-014
   7.5354200500000017        5.6102102573942797E-014
   7.5645785600000019        1.7461247207026597E-015
   7.5937370700000022       -9.5276333257870675E-014
   7.6228955800000016        3.5167061888970032E-014
   7.6520540900000018        6.8090628431143690E-017
   7.6812126000000021        6.4452947172727683E-014
   7.7103711100000023        1.0400897752213122E-013
   7.7395296200000026        3.5425960427654360E-014
   7.7686881300000019        6.5171487184808923E-014
   7.7978466400000022       -1.4346038371429938E-014
   7.8270051500000015       -3.6535954429114007E-014
   7.8561636600000018       -1.8203104633015644E-014
   7.8853221700000029       -1.9901524761756146E-014
   7.9144806800000023       -2.4831481584056381E-014
   7.9436391900000025        1.8243598681860950E-014
   7.9727977000000019        3.7933233797055448E-014
   8.0019562100000012        6.0602594868123757E-014
   8.0311147200000015       -2.6945891243440377E-015
   8.0602732300000017        1.3983569737830131E-013
   8.0894317400000020        6.7834757105507869E-014
   8.1185902500000022        6.4969740553663896E-016
   8.1477487600000025       -1.1854288282256042E-015
   8.1769072700000027        6.9477946545930863E-014
   8.2060657800000012       -1.0756147933343365E-013
   8.2352242900000014       -4.5252174719465912E-014
   8.2643828000000017        1.4974953693221138E-014
   8.2935413100000019        2.8805214248750136E-014
   8.3226998200000022        7.5889756573340470E-014
   8.3518583300000024        1.8345945307296317E-013
   8.3810168400000027        9.5316988340821438E-015
   8.4101753500000029        1.1774396573587071E-013
   8.4393338600000014       -2.3883528901952150E-014
   8.4684923700000017        5.7760263593044141E-014
   8.4976508800000001        3.1504776904600176E-014
   8.5268093900000022       -2.5568175764443681E-014
   8.5559679000000024        8.6342886226966338E-015
   8.5851264100000009       -7.3643127789890979E-015
   8.6142849200000029       -7.8091310460106237E-015
   8.6434434300000014        1.3393184498043663E-013
   8.6726019400000016       -2.1843543441476263E-014
   8.7017604500000019       -2.2251728555254204E-014
   8.7309189600000021       -9.9027386769582438E-015
   8.7600774700000024       -5.4579846020031768E-014
   8.7892359800000008        3.5507007695234123E-014
   8.8183944900000011        9.9749443340985944E-014
   8.8475530000000013        8.8317361423330073E-014
   8.8767115100000016        4.4567209872734500E-014
   8.9058700200000001        4.9117862478329625E-014
   8.9350285300000003       -2.1386327761468461E-014
   8.9641870400000006       -4.3753813397812158E-014
   8.9933455500000008        1.0593238604737234E-013
   9.0225040600000028       -1.2058783283099025E-014
   9.0516625700000013        2.7244075098695695E-014
   9.0808210800000015       -2.3063088127718790E-014
   9.1099795900000018        7.0756552083570229E-014
   9.1391381000000020        1.6335547357368661E-013
   9.1682966100000023        2.5177012090801227E-014
   9.1974551200000008       -2.1905073214847320E-014
   9.2266136300000010        1.4721085767402317E-014
   9.2557721400000013       -4.1118638393836581E-015
   9.2849306500000015        6.0442667015252883E-014
   9.3140891600000018       -3.8555484243877656E-014
   9.3432476700000002        8.1891309347814393E-014
   9.3724061800000005        8.9552867018329861E-014
   9.4015646900000007        9.4841158357742636E-014
   9.4307232000000010       -6.8025267255983434E-014
   9.4598817100000030       -1.5634653507639727E-014
   9.4890402200000015       -2.0999697303093950E-014
   9.5181987300000017        3.0270250624391420E-014
   9.5473572400000020       -2.6907051698828466E-014
   9.5765157500000022        7.9789946023051567E-014
   9.6056742600000025        3.2707218121908396E-014
   9.6348327700000009        6.1133853941134973E-014
   9.6639912800000012       -1.0547314458903844E-013
   9.6931497900000014        8.3306381418143512E-015
   9.7223083000000017       -8.1473578313681292E-014
   9.7514668100000002       -6.7959703580411357E-014
   9.7806253200000004        1.6384876856517666E-014
   9.8097838300000006       -5.1866992483184054E-014
   9.8389423400000009       -2.6048579914981343E-014
   9.8681008500000029       -3.1936786064430137E-014
   9.8972593600000032        8.7540293913124133E-014
   9.9264178700000016       -6.1029637270908165E-014
   9.9555763800000019        4.1940114787425425E-014
   9.9847348900000021        2.0599073280407008E-013
   10.013893400000002       -4.5923658731376648E-014
   10.043051910000001       -6.0521910330698923E-014
   10.072210420000001       -7.5457593160433746E-014
   10.101368930000001        1.4799917838027517E-013
   10.130527440000002       -1.4549536647619958E-014
   10.159685950000002       -7.2545270390892213E-014
   10.188844460000000       -1.4417175516386756E-013
   10.218002970000001       -1.2807748203405769E-013
   10.247161480000001       -1.3800183901816677E-013
   10.276319990000003       -7.7130976346467757E-014
   10.305478500000003       -1.1500655574967527E-013
   10.334637010000002        4.4857543073240161E-014
   10.363795520000002        4.2023913941973881E-014
   10.392954030000002        5.0806677246978584E-014
   10.422112540000002       -5.7121644193211304E-014
   10.451271050000003       -6.3863618626014680E-014
   10.480429560000001       -1.1307908125949975E-013
   10.509588070000001        1.4200284067466385E-014
   10.538746580000002       -1.0098519978681677E-013
   10.567905090000002       -1.3466988559161979E-013
   10.597063600000002       -1.4817554676661037E-013
   10.626222110000000       -1.9440649482179956E-013
   10.655380620000001       -6.0885265637154011E-014
   10.684539130000003       -1.3039511757980208E-013
   10.713697640000003       -2.0502763846826864E-013
   10.742856150000003       -1.4662636478521286E-013
   10.772014660000002       -7.3925282795485366E-014
   10.801173170000002       -6.7649310820958361E-014
   10.830331680000002       -5.0929806050071590E-014
   10.859490190000002       -1.3871842007909202E-013
   10.888648700000001       -1.1830067705094821E-013
   10.917807210000001       -3.9835678394430931E-014
   10.946965720000001       -6.1943632667587591E-014
   10.976124230000002       -1.3549506511108668E-014
   11.005282740000002       -1.6831417272781203E-013
   11.034441250000000       -8.1575689155191285E-014
   11.063599760000001       -1.3243239823691117E-013
   11.092758270000003       -1.8558109845122861E-013
   11.121916780000003       -3.4606913938407409E-015
   11.151075290000003       -1.2634726085259521E-013
   11.180233800000002       -2.1932876240911835E-013
   11.209392310000002       -1.1682496189008896E-013
   11.238550820000002       -1.0741924323902026E-013
   11.267709330000002       -1.0200886201441359E-013
   11.296867840000003        4.4998449049389337E-014
   11.326026350000001        7.3546958091754464E-015
   11.355184860000001       -1.6635910300670393E-013
   11.384343370000002        1.1922181751415906E-013
   11.413501880000002       -9.1424707017357497E-014
   11.442660390000002       -1.3865571674985624E-013
   11.471818900000001       -1.3026999475756448E-013
   11.500977410000001       -2.0808521639070231E-013
   11.530135920000003       -3.5449251735282759E-014
   11.559294430000003       -1.8647938904537907E-013
   11.588452940000003       -1.6539221902953980E-013
   11.617611450000002        2.0202285944083987E-014
   11.646769960000002       -2.8123352433440750E-013
   11.675928470000002       -1.7864174101540340E-013
   11.705086980000003       -7.9035414849795073E-014
   11.734245490000001       -2.7506002835587599E-013
   11.763404000000001       -2.0484265331182314E-013
   11.792562510000002       -1.2260520687427466E-013
   11.821721020000002       -1.8432921656379975E-013
   11.850879530000002       -2.4359200173098233E-013
   11.880038040000001       -1.8521632939961976E-013
   11.909196550000001       -2.4569782896448731E-013
   11.938355060000003       -9.9695561866658738E-014
   11.967513570000003       -1.6923086697612359E-013
   11.996672080000003       -8.3699541202569610E-014
   12.025830590000002       -2.0715310438858804E-013
   12.054989100000002       -9.9674990116270541E-014
   12.084147610000002        3.8682669330148100E-014
   12.113306120000003        9.6238302091133495E-014
   12.142464630000003        4.0048081083490711E-014
   12.171623140000001       -8.3244165383136623E-014
   12.200781650000001       -2.5201906291959331E-013
   12.229940160000002       -1.9079561488324075E-013
   12.259098670000002        4.5602743305069522E-017
   12.288257180000002       -1.0588397841015108E-013
   12.317415690000001       -1.1602466290447449E-013
   12.346574200000003       -2.0622340992577953E-013
   12.375732710000003       -1.3465148042721240E-013
   12.404891220000003        5.5667353767077977E-014
   12.434049730000003       -3.5078963024196975E-014
   12.463208240000002       -2.5436510919839145E-014
   12.492366750000002       -9.4416569244017027E-014
   12.521525260000002       -2.7579963873804862E-014
   12.550683770000003       -3.1883801160260257E-014
   12.579842280000001        9.2123153722759255E-014
   12.609000790000001        9.0814695829092799E-014
   12.638159300000002       -3.3883917895723460E-014
   12.667317810000002       -1.2485336373962409E-013
   12.696476320000002       -6.7881203527480782E-014
   12.725634830000001       -2.6402116726300787E-014
   12.754793340000003       -2.8064326614629794E-013
   12.783951850000003       -2.4452291627782768E-013
   12.813110360000003       -6.9737830288349614E-014
   12.842268870000003        9.8162358050409474E-014
   12.871427380000002       -2.5432063512790691E-013
   12.900585890000002       -5.9229562301133849E-014
   12.929744400000002        7.1717049794287180E-015
   12.958902910000003       -2.1997314917621118E-013
   12.988061420000003        1.8695948414017633E-013
   13.017219930000001       -1.7300177801862079E-013
   13.046378440000002        1.4634679161659868E-013
   13.075536950000002        5.7837943974266159E-014
   13.104695460000002       -3.2041036759165869E-014
   13.133853970000002        2.8446679810336504E-013
   13.163012480000003       -1.6198475052089702E-013
   13.192170990000003        6.0391878667492205E-014
   13.221329500000003       -2.0423265222508605E-013
   13.250488010000003       -2.1328319498140738E-013
   13.279646520000004       -1.9693661151474722E-013
   13.308805030000002       -1.1590941298922111E-013
   13.337963540000002       -1.9613117472452706E-013
   13.367122050000003        6.8215410297375638E-014
   13.396280560000003        4.4124264730832562E-013
   13.425439070000001        2.1486881384892356E-014
   13.454597580000001       -1.4985377594607568E-013
   13.483756090000002        6.0801895657860401E-014
   13.512914600000002        9.5604235953213466E-014
   13.542073110000002        1.7145444951270657E-013
   13.571231620000001       -4.2704050944674244E-014
   13.600390130000003        8.0336839783085278E-014
   13.629548640000003       -7.6774271655618681E-014
   13.658707150000003       -1.0731347193306420E-013
   13.687865660000003       -9.7193304158524917E-014
   13.717024170000002        1.6557943054523706E-013
   13.746182680000002       -2.1818478869850880E-014
   13.775341190000002       -2.2825700028400387E-013
   13.804499700000003       -1.1245357554474180E-013
   13.833658210000003       -4.1320741891136898E-014
   13.862816720000001       -1.3492195071827611E-013
   13.891975230000002       -2.2407105594521532E-013
   13.921133740000002       -8.4740115830666379E-014
   13.950292250000002       -1.8041242385611412E-013
   13.979450760000002        5.2797531134581888E-014
   14.008609270000003        2.6783541433082722E-014
   14.037767780000003        6.4992282943094548E-014
   14.066926290000003        5.2283430721969786E-014
   14.096084800000003        1.1605425971101059E-015
   14.125243310000004        9.7067478904030391E-015
   14.154401820000002       -1.3486430689162665E-013
   14.183560330000002       -2.2341121687892760E-013
   14.212718840000003       -1.0523829263247156E-013
   14.241877350000003       -2.3955056314815725E-013
   14.271035860000001       -9.8085231486497597E-014
   14.300194370000002        6.1289588386078557E-014
   14.329352880000002       -3.0009493530913530E-014
   14.358511390000002       -1.2656384690571425E-013
   14.387669900000002       -2.0155890321833374E-014
   14.416828410000003       -5.8027799886893690E-014
   14.445986920000003       -1.4725038175395678E-013
   14.475145430000003       -2.2094436978489499E-014
   14.504303940000003        3.5438533441172522E-014
   14.533462450000004        1.3108994200101782E-013
   14.562620960000002        1.9064468388810961E-013
   14.591779470000002        2.1747065368188481E-013
   14.620937980000003        1.3419531537861448E-013
   14.650096490000003       -1.7931147766889882E-013
   14.679255000000003        2.8409186499085256E-014
   14.708413510000002       -1.5441411394528461E-013
   14.737572020000002       -1.0680936290547633E-013
   14.766730530000002        1.6403276591548632E-014
   14.795889040000002       -3.4596022485603150E-013
   14.825047550000004       -1.7152048003231116E-013
   14.854206060000003       -4.1100210116282878E-014
   14.883364570000003       -2.3477245784790031E-013
   14.912523080000003       -2.4054670312034679E-013
   14.941681590000004       -2.1010725467381785E-013
   14.970840100000004        3.3246352554400530E-015
   14.999998610000002       -1.9014794037715104E-013
   15.029157120000002       -9.1896682590437494E-014
   15.058315630000003        8.1012577209256800E-014
   15.087474140000003       -2.1144116224716856E-013
   15.116632650000001       -4.5542349257245169E-014
   15.145791160000002        7.9572177104034813E-014
   15.174949670000002        8.1338389453488433E-014
   15.204108180000002       -2.8578231678453854E-013
   15.233266690000002       -4.2560959302736998E-014
   15.262425200000003       -4.2037435754518121E-014
   15.291583710000003       -5.3686553203841372E-014
   15.320742220000003       -1.4548668106049327E-013
   15.349900730000003       -2.4309522023756646E-013
   15.379059240000004       -1.8183767842252149E-014
   15.408217750000002        1.1543259962012261E-013
   15.437376260000002       -6.3171945329524306E-015
   15.466534770000003        1.8731570637878898E-013
   15.495693280000003        8.7270371057770070E-014
   15.524851790000003       -2.7175519508604651E-014
   15.554010300000002       -2.1851999123773983E-014
   15.583168810000002        1.3809724481321089E-013
   15.612327320000002        2.9158286749160494E-013
   15.641485830000002       -3.4816932810240664E-014
   15.670644340000004        2.0895507960421748E-013
   15.699802850000003       -1.6136773555840587E-013
   15.728961360000003       -4.3355648970285981E-014
   15.758119870000003       -2.9090210511178944E-014
   15.787278380000004        1.1380075977173914E-013
   15.816436890000004       -2.0348495074502252E-013
   15.845595400000002       -2.7647705881031011E-013
   15.874753910000003       -3.4113852744169970E-013
   15.903912420000003       -3.8134125587309512E-013
   15.933070930000003       -3.1016627562109107E-013
   15.962229440000002       -3.7910917337922791E-013
   15.991387950000002       -1.2181941120508214E-013
   16.020546460000002       -1.0042448996040861E-015
   16.049704970000001       -2.2194430804078175E-013
   16.078863480000003       -5.0812834936921509E-014
   16.108021990000005        3.5885926439262100E-014
   16.137180500000003       -1.6062887609188765E-013
   16.166339010000005        1.4330089781689709E-013
   16.195497520000004       -5.5722256130657056E-014
   16.224656030000002       -1.0259805258465224E-013
   16.253814540000004       -4.9801077969623738E-014
   16.282973050000003       -2.9986889508170397E-013
   16.312131560000005       -1.5516031507842039E-013
   16.341290070000003        2.5252302387571347E-014
   16.370448580000001       -1.2609685840768986E-013
   16.399607090000003       -2.4538290241722473E-013
   16.428765600000002       -2.3271075356374415E-013
   16.457924110000000        1.4901097445268340E-013
   16.487082620000002       -1.7764988789902575E-013
   16.516241130000004       -1.2480043922253994E-013
   16.545399640000003       -6.9175552419428566E-014
   16.574558150000005       -9.1439948572147861E-014
   16.603716660000003        2.4312413985595149E-013
   16.632875170000002       -1.4508063759318175E-013
   16.662033680000004       -1.6994759089787647E-013
   16.691192190000002       -1.1277787037490455E-013
   16.720350700000004        1.5732799849907965E-013
   16.749509210000003       -5.4613732594781588E-014
   16.778667720000001       -2.6639835996775116E-013
   16.807826230000003       -2.7552599724029657E-013
   16.836984740000002       -3.1765840803348705E-013
   16.866143250000004        5.2211310654384882E-014
   16.895301760000002       -1.1631133810836935E-013
   16.924460270000004       -1.6921959377816701E-013
   16.953618780000003       -3.9600279234518355E-013
   16.982777290000005       -2.4925951540845535E-013
   17.011935800000003       -2.8363288575056660E-013
   17.041094310000002       -3.4288536884935575E-013
   17.070252820000004       -1.1026038266128132E-013
   17.099411330000002        7.8131512184414232E-014
   17.128569840000008        2.3252336352366704E-015
   17.157728350000006        2.1660959562403825E-013
   17.186886860000005       -2.5102097155184923E-013
   17.216045370000007       -1.2299284641954288E-013
   17.245203880000005       -8.8595123072868606E-014
   17.274362390000007       -7.9754431638311464E-014
   17.303520900000006        2.6431220540133983E-013
   17.332679410000004       -1.9625885777019624E-013
   17.361837920000006       -3.0593575229889282E-013
   17.390996430000005       -1.3630647048265945E-013
   17.420154940000007        1.1407910509744081E-013
   17.449313450000005       -2.3925910993442903E-013
   17.478471960000004       -7.5198741432158303E-014
   17.507630470000006       -1.1290916667882395E-013
   17.536788980000004       -3.3215121446106277E-013
   17.565947490000006       -3.2439781488699557E-013
   17.595106000000005        5.8404879475447619E-013
   17.624264510000003       -2.9107796759238956E-013
   17.653423020000005        2.4890471430476423E-013
   17.682581530000004       -1.1760182275597140E-013
   17.711740040000006       -8.0632848505254502E-014
   17.740898550000004        2.5340794951306563E-013
   17.770057060000003        2.6451307655377305E-014
   17.799215570000005        5.3338061607643922E-014
   17.828374080000003        2.1835236235950243E-013
   17.857532590000005       -3.8783415086769288E-014
   17.886691100000004        1.2885334004305285E-013
   17.915849610000002       -2.5170526734234038E-013
   17.945008120000008       -2.8743417376720597E-014
   17.974166630000006       -3.6666020174083254E-013
   18.003325140000008        6.6497960956302585E-014
   18.032483650000007        2.8330053579859936E-013
   18.061642160000005       -4.1343511887210245E-013
   18.090800670000007       -2.0098922076766258E-013
   18.119959180000006       -2.9293799864908125E-013
   18.149117690000008        7.9171243595662346E-014
   18.178276200000006        1.2326013949195101E-013
   18.207434710000005       -1.8695622476558781E-013
   18.236593220000007       -2.9964602680097416E-013
   18.265751730000005       -6.2134336024416682E-014
   18.294910240000007        2.6325547266169702E-013
   18.324068750000006       -9.6184317600881232E-014
   18.353227260000004        3.7753769932480663E-014
   18.382385770000006        8.4162200815915943E-014
   18.411544280000005       -6.3300492847109592E-014
   18.440702790000003        7.6028593810351829E-013
   18.469861300000005        9.5920198846623660E-015
   18.499019810000004        2.8885066539723569E-013
   18.528178320000006       -3.5410551354297179E-014
   18.557336830000004        3.1431293621576891E-014
   18.586495340000003       -1.4185328651640142E-014
   18.615653850000005        3.7230495684254452E-015
   18.644812360000003        1.6554209695963765E-013
   18.673970870000005        2.7873570562862406E-013
   18.703129380000004        6.9519590456040629E-014
   18.732287890000002        1.0639361758920776E-013
   18.761446400000004       -9.2400870931822807E-014
   18.790604910000006        1.6164654957182622E-013
   18.819763420000008        1.7962249639945950E-013
   18.848921930000007       -3.0878297604024008E-013
   18.878080440000005       -8.4741092413527519E-014
   18.907238950000007       -3.5359613653167187E-013
   18.936397460000006        9.7201940652833526E-014
   18.965555970000008       -1.9066349796142102E-013
   18.994714480000006       -3.3498078334413631E-013
   19.023872990000005        1.6958158382142631E-013
   19.053031500000007       -2.1717521444985517E-013
   19.082190010000005       -1.3094945710448843E-014
   19.111348520000007       -4.2577990842446065E-013
   19.140507030000006       -3.0972609479636459E-013
   19.169665540000004       -1.0640851686025851E-013
   19.198824050000006       -1.0804533510936965E-013
   19.227982560000004        1.8266248239715882E-013
   19.257141070000007       -3.9173745459095463E-013
   19.286299580000005       -2.8524387232900434E-013
   19.315458090000003        4.4179366072723030E-013
   19.344616600000005       -7.4938999559616251E-014
   19.373775110000004       -2.7262996441899202E-013
   19.402933620000006        1.0804800357724291E-013
   19.432092130000004        2.6585406007573219E-013
   19.461250640000003       -2.6868115109487475E-013
   19.490409150000005       -1.4988552488952350E-013
   19.519567660000003       -2.3586330558228663E-013
   19.548726170000005       -3.9650484407527842E-013
   19.577884680000004       -1.8640319923898644E-013
   19.607043190000006        1.7946864109360132E-013
   19.636201700000008        6.0460745948314956E-013
   19.665360210000006        4.5700063710022959E-014
   19.694518720000008        2.2218337778024269E-013
   19.723677230000007       -3.1339792754056506E-013
   19.752835740000005        8.5250315573573068E-014
   19.781994250000007        8.9423619553512027E-014
   19.811152760000006        4.0083125382910001E-014
   19.840311270000008        8.3623494016133206E-014
   19.869469780000006        1.1321386064009497E-013
   19.898628290000005        2.0903425613459117E-013
   19.927786800000007        2.4802744029287840E-014
   19.956945310000005        8.3642963800106162E-014
   19.986103820000007        2.2662748160385140E-014
   20.015262330000006       -2.8833914483616743E-013
   20.044420840000004       -1.6012007459403349E-013
   20.073579350000006       -5.1395640129981458E-013
   20.102737860000005       -2.2418105072361616E-013
   20.131896370000003       -1.2133917818441561E-013
   20.161054880000005       -4.3483739060138592E-013
   20.190213390000004       -6.4681165458491872E-014
   20.219371900000006        2.0536589040809882E-015
   20.248530410000004        4.2150291935439083E-013
   20.277688920000003       -5.1720027721358219E-013
   20.306847430000005       -2.4828594494246676E-013
   20.336005940000003       -3.3783819736742078E-013
   20.365164450000005       -1.5556072854918617E-013
   20.394322960000004       -8.3479441255697279E-014
   20.423481470000009        5.4311427316992110E-013
   20.452639980000008        3.2002416239041418E-013
   20.481798490000006       -3.8441486115549198E-014
   20.510957000000008       -2.2050550301296208E-013
   20.540115510000007       -3.3199208729853379E-013
   20.569274020000005       -1.3606857602721411E-013
   20.598432530000007        5.2539206526796176E-014
   20.627591040000006        1.4620178830578784E-013
   20.656749550000008        7.6736832815679840E-014
   20.685908060000006        4.3901809701749180E-013
   20.715066570000005        3.9833750594817032E-014
   20.744225080000007       -1.0046406046750669E-013
   20.773383590000005        7.1020909393804994E-013
   20.802542100000007       -7.9049945650665493E-014
   20.831700610000006       -3.0325149545220699E-013
   20.860859120000004        2.2330188673514654E-013
   20.890017630000006       -7.2458066341226173E-014
   20.919176140000005       -1.2891948560798243E-013
   20.948334650000007        1.3159585584860470E-013
   20.977493160000005       -1.5570572781326237E-014
   21.006651670000004       -2.7975000845471406E-013
   21.035810180000006       -1.7310114841031181E-013
   21.064968690000004       -3.3017951139188891E-013
   21.094127200000006       -4.8155941412970392E-013
   21.123285710000005       -2.7324008828623154E-013
   21.152444220000003        1.1679645617166792E-013
   21.181602730000005       -3.9488107921233139E-013
   21.210761240000004        4.0879604213692158E-014
   21.239919750000006       -1.2217447238964768E-013
   21.269078260000008        1.2241547005487195E-013
   21.298236770000006        1.1907738588576727E-013
   21.327395280000008       -4.1562488539991605E-013
   21.356553790000007        3.2327250663972645E-013
   21.385712300000009        1.5390583054391382E-013
   21.414870810000007       -2.6919167184536159E-013
   21.444029320000006        1.8578959432863859E-013
   21.473187830000008       -3.4991104729379459E-013
   21.502346340000006        1.4276513874109245E-013
   21.531504850000008       -9.1625805792577287E-014
   21.560663360000007        4.3164776955320687E-013
   21.589821870000005       -3.0982203176963304E-014
   21.618980380000007       -2.0958520658354481E-013
   21.648138890000006        2.3119087756969443E-013
   21.677297400000008       -4.4335506399646996E-013
   21.706455910000006       -4.5554733517315143E-013
   21.735614420000005       -1.9217679939222368E-013
   21.764772930000007        1.0372942167039956E-013
   21.793931440000005        2.6320647528964143E-013
   21.823089950000007       -3.5546797662852056E-013
   21.852248460000006        2.5468731830075299E-013
   21.881406970000004        1.4065278682176563E-015
   21.910565480000006        1.7066529209923379E-013
   21.939723990000005        3.3511152965011814E-013
   21.968882500000003        2.5292261734598742E-013
   21.998041010000005        9.5140097164535862E-014
   22.027199520000003        5.1817959611914391E-013
   22.056358030000005       -6.2012858899816914E-014
   22.085516540000008       -1.6582818716776826E-013
   22.114675050000010        1.4119266716160224E-013
   22.143833560000008        2.5568446858304899E-013
   22.172992070000006       -3.0719814496919918E-013
   22.202150580000009       -3.3836764631537269E-013
   22.231309090000007       -1.5800674314368131E-014
   22.260467600000005       -3.7192772498495642E-013
   22.289626110000007       -4.6519088629794266E-013
   22.318784620000006       -1.9187447976987533E-013
   22.347943130000008       -5.5783905867553038E-013
   22.377101640000006        4.8043002288205036E-014
   22.406260150000005        1.4174764723439360E-013
   22.435418660000007       -7.1578014946384917E-014
   22.464577170000005        1.6731131953877162E-013
   22.493735680000007        5.8257698912285668E-013
   22.522894190000006        2.2853656280894846E-013
   22.552052700000004        3.5789182696268540E-014
   22.581211210000006        7.9624181726175767E-013
   22.610369720000005       -7.4814330972250810E-014
   22.639528230000007        8.4637839644687712E-014
   22.668686740000005        5.6108618430465319E-014
   22.697845250000004        4.7128775355140314E-013
   22.727003760000006        1.4086241294829155E-013
   22.756162270000004       -9.5464389215993640E-014
   22.785320780000006       -1.6524581713484709E-013
   22.814479290000005       -3.2082512529135394E-013
   22.843637800000003        3.9705731824584558E-013
   22.872796310000005        5.9407410289417436E-014
   22.901954820000004       -2.0405465238530725E-014
   22.931113330000009        1.8782393906198367E-013
   22.960271840000008       -3.3091846389236690E-013
   22.989430350000006        4.8083179400630079E-013
   23.018588860000008        3.4133878178514793E-013
   23.047747370000007       -1.4540833119187541E-014
   23.076905880000009        9.5567963987163830E-015
   23.106064390000007        1.7143593144350904E-013
   23.135222900000006        1.4504890063230480E-013
   23.164381410000008        7.8736840448582095E-014
   23.193539920000006       -1.8971952255026612E-013
   23.222698430000008       -4.2780412512437892E-013
   23.251856940000007       -1.4286619783339858E-013
   23.281015450000005        4.5130857513849677E-014
   23.310173960000007       -1.2831564024598736E-013
   23.339332470000006        4.4295985277237456E-013
   23.368490980000008       -3.1199026099110718E-014
   23.397649490000006       -8.3456339557510697E-014
   23.426808000000005       -4.4804042201472008E-013
   23.455966510000007       -1.2146991044505908E-013
   23.485125020000005       -3.5067888155224484E-013
   23.514283530000007        7.2953199696027040E-014
   23.543442040000006        6.5048403733260940E-013
   23.572600550000004        3.9536418227747846E-013
   23.601759060000006       -3.2090636548687812E-013
   23.630917570000005       -1.1283621431813909E-013
   23.660076080000003       -2.7405061207232418E-013
   23.689234590000005       -1.3520012940163013E-013
   23.718393100000004        1.1620037341360780E-013
   23.747551610000009       -1.4312670618121146E-013
   23.776710120000008        6.3652587958654110E-015
   23.805868630000010       -4.3061313827672053E-014
   23.835027140000008       -4.4906137097179531E-014
   23.864185650000007       -2.1749537429406295E-013
   23.893344160000009        4.7966623699472044E-013
   23.922502670000007        1.7844486116976965E-013
   23.951661180000006        7.6112940116793045E-014
   23.980819690000008       -8.3501853636232036E-015
   24.009978200000006        2.1705166917389210E-013
   24.039136710000008        7.1743125108487738E-013
   24.068295220000007       -1.1151032822635584E-013
   24.097453730000005        1.5291537950092789E-013
   24.126612240000007        4.3523670722409356E-013
   24.155770750000006        3.1810718318071052E-013
   24.184929260000008       -5.2358254546425885E-013
   24.214087770000006       -9.4909270211058828E-014
   24.243246280000005        6.3628307635117575E-013
   24.272404790000007       -2.8263675175133718E-013
   24.301563300000005        2.3273321941174848E-013
   24.330721810000007       -3.1475842704127209E-013
   24.359880320000006       -1.0908008265697525E-013
   24.389038830000004       -5.3467420868787553E-013
   24.418197340000006       -1.0082543064281160E-014
   24.447355850000005       -2.1340684509947418E-013
   24.476514360000007       -4.0716472110404854E-013
   24.505672870000005       -1.3981194553693923E-013
   24.534831380000004       -2.1482534611657857E-013
   24.563989890000006        1.2872125568730148E-013
   24.593148400000008        4.8103014075155601E-013
   24.622306910000010        3.9363508165703068E-014
   24.651465420000008       -2.4598332514175336E-013
   24.680623930000007       -2.2307919511909520E-013
   24.709782440000009       -4.3721020271117733E-013
   24.738940950000007       -1.0511548159724880E-013
   24.768099460000009        1.8571842976885402E-013
   24.797257970000008        2.0547411683834846E-013
   24.826416480000006       -7.4899782832050790E-014
   24.855574990000008       -1.0286471179624748E-013
   24.884733500000007        3.6468999016859064E-015
   24.913892010000009       -2.6289672022303454E-013
   24.943050520000007        9.0517549319285994E-014
   24.972209030000005       -3.2213352369088306E-013
   25.001367540000007        7.5398447361944519E-013
   25.030526050000006       -2.9300233829416553E-013
   25.059684560000008       -8.9710264365717348E-014
   25.088843070000006        1.6649298323844575E-013
   25.118001580000005        5.0558401409077338E-013
   25.147160090000007       -4.4420609271777950E-015
   25.176318600000005        6.1001911627357092E-014
   25.205477110000007        5.3896293871757526E-013
   25.234635620000006       -1.5098671625981570E-013
   25.263794130000004       -1.9428408250859593E-013
   25.292952640000006        3.5418398654540953E-013
   25.322111150000005       -7.0020515340224296E-013
   25.351269660000003       -3.7478364084288144E-013
   25.380428170000005       -2.2403502722101789E-013
   25.409586680000007       -1.3031839043064201E-013
   25.438745190000009       -6.6634067044849114E-013
   25.467903700000008       -8.7066314190793496E-013
   25.497062210000010       -1.1629831497967763E-013
   25.526220720000008       -3.5767792854636705E-013
   25.555379230000007       -4.8888535561588803E-014
   25.584537740000009       -6.2651672862540819E-013
   25.613696250000007       -6.8484324101656500E-013
   25.642854760000006       -1.5905993256710710E-013
   25.672013270000008        8.2088559708654865E-013
   25.701171780000006        8.6817906421736236E-014
   25.730330290000008        3.8237429507182145E-014
   25.759488800000007       -1.6428606985680964E-014
   25.788647310000005       -6.8065329576674067E-014
   25.817805820000007        3.8103339152016718E-013
   25.846964330000006        7.1704841990293039E-013
   25.876122840000008       -2.8708417636084076E-013
   25.905281350000006        1.4803465254858510E-013
   25.934439860000005       -1.4237189388985563E-013
   25.963598370000007       -7.4605235527571572E-013
   25.992756880000005       -3.5334389469243262E-013
   26.021915390000007       -7.3582333710283203E-013
   26.051073900000006       -9.8598308241125502E-014
   26.080232410000004        3.1872156509212077E-013
   26.109390920000006        7.1001541241711936E-014
   26.138549430000005        3.1412073371112647E-013
   26.167707940000007       -2.0413526552927042E-013
   26.196866450000005        6.5900090202808685E-013
   26.226024960000007       -2.0028556039072464E-013
   26.255183470000009        1.5949302030015476E-013
   26.284341980000008       -4.8702087166172208E-013
   26.313500490000010        2.9650078725017388E-013
   26.342659000000008       -8.3104051287672559E-013
   26.371817510000007       -3.8316007109889859E-013
   26.400976020000009       -1.1461866201855902E-012
   26.430134530000007       -1.1393676094521630E-012
   26.459293040000009       -4.1514726799983129E-013
   26.488451550000008       -8.0724816613976713E-013
   26.517610060000006       -5.8166817900397446E-013
   26.546768570000008       -3.6596619624530313E-013
   26.575927080000007       -4.1389785604417284E-013
   26.605085590000009       -2.9847132581023628E-014
   26.634244100000007       -4.1908467015904743E-013
   26.663402610000006       -1.7933578759664613E-013
   26.692561120000008       -1.3956781344338491E-014
   26.721719630000006       -2.7227046359816418E-013
   26.750878140000008       -1.3724201718357913E-013
   26.780036650000007       -2.3857187718649108E-013
   26.809195160000005       -2.8066573995763662E-013
   26.838353670000007       -5.4685849394818700E-013
   26.867512180000006       -9.3841968912779327E-013
   26.896670690000008       -7.6159605879045458E-013
   26.925829200000006       -1.1476153883700830E-013
   26.954987710000005       -5.4312613221387788E-013
   26.984146220000007        5.8815526614958456E-013
   27.013304730000005       -4.0044028767985839E-013
   27.042463240000004       -1.1646720214521421E-012
   27.071621750000009       -6.6802329111214687E-013
   27.100780260000008       -1.0976268023379258E-012
   27.129938770000010        4.5372233872042759E-013
   27.159097280000008       -2.0801292280595958E-013
   27.188255790000010        1.1829520285764761E-015
   27.217414300000009       -2.2023252355517319E-013
   27.246572810000007       -7.4482696095074032E-013
   27.275731320000009       -4.8631863468065627E-013
   27.304889830000008       -4.4992883847944770E-013
   27.334048340000006       -6.8204591259537595E-013
   27.363206850000008        1.4568313244992646E-013
   27.392365360000007       -8.7875082315355328E-013
   27.421523870000009       -9.2817718531727977E-013
   27.450682380000007       -1.0280106318240185E-012
   27.479840890000006       -1.0656677497601028E-012
   27.508999400000008       -9.2458176976515791E-013
   27.538157910000006       -8.2495137603798749E-013
   27.567316420000008       -1.1184541123106488E-012
   27.596474930000007       -9.9364176776005343E-013
   27.625633440000005       -6.4543398229770695E-015
   27.654791950000007       -5.7819016426272479E-013
   27.683950460000005       -1.2244109168584776E-012
   27.713108970000008       -9.9661798741186336E-013
   27.742267480000006       -8.0859345443909118E-013
   27.771425990000004       -7.9453818498231781E-013
   27.800584500000006       -3.7535238345413131E-013
   27.829743010000005        4.5333653806099257E-013
   27.858901520000007        1.2570456323017564E-012
   27.888060030000009       -4.8786883874619804E-013
   27.917218540000007        4.0565549302516051E-013
   27.946377050000009        2.5668218453446832E-013
   27.975535560000008       -5.3730565331379375E-013
   28.004694070000010       -3.6470136990289054E-013
   28.033852580000008       -1.4380766895578174E-013
   28.063011090000007       -1.2281304465207966E-013
   28.092169600000009       -8.5719454116189313E-013
   28.121328110000007       -8.4532744134788904E-013
   28.150486620000009       -4.1831762765793353E-013
   28.179645130000008        3.9729778783863158E-013
   28.208803640000006       -9.8839254153995412E-015
   28.237962150000008       -3.2467853211878072E-013
   28.267120660000007        8.9368810255896553E-013
   28.296279170000009       -2.5793322742553265E-013
   28.325437680000007        1.1025735766062417E-013
   28.354596190000006       -4.2311194410887220E-013
   28.383754700000008        4.3492006356011694E-013
   28.412913210000006       -1.3514069351512762E-013
   28.442071720000008       -6.9353112494697625E-013
   28.471230230000007       -4.3129133843130464E-013
   28.500388740000005       -4.0373543225316242E-013
   28.529547250000007       -8.0696168508928368E-013
   28.558705760000006       -4.1352299796049805E-013
   28.587864270000008        3.5588737041458077E-014
   28.617022780000006       -1.7355268523995659E-013
   28.646181290000005       -1.0785567735773850E-012
   28.675339800000007       -4.6933626142275988E-013
   28.704498310000005       -5.1646290906793905E-013
   28.733656820000011       -2.6598623915936425E-013
   28.762815330000009       -1.4197533153521371E-013
   28.791973840000008        6.0667998316728620E-013
   28.821132350000010        4.2854364662171905E-013
   28.850290860000008        8.8737722808004782E-013
   28.879449370000010        8.2803527184640832E-013
   28.908607880000009        4.6379463766607745E-013
   28.937766390000007        6.2200159858903757E-013
   28.966924900000009       -2.9307686557152140E-013
   28.996083410000008       -1.5206370327907734E-013
   29.025241920000010       -2.9934085199740470E-013
   29.054400430000008        5.9060291037488533E-014
   29.083558940000007       -2.3168826980162556E-013
   29.112717450000009       -5.7120600738843384E-013
   29.141875960000007       -5.2127371091054957E-015
   29.171034470000006       -3.2962165150508582E-015
   29.200192980000008       -6.7800373462120515E-013
   29.229351490000006       -5.8301103927273050E-013
   29.258510000000008       -1.2069555913779265E-013
   29.287668510000007       -6.5312253332267260E-014
   29.316827020000005       -1.1227904624971846E-013
   29.345985530000007        1.5093101355134131E-013
   29.375144040000006       -3.4404952140629642E-013
   29.404302550000008       -1.7930102736200300E-013
   29.433461060000006        9.3932676449573594E-013
   29.462619570000005       -4.4711338669131414E-014
   29.491778080000007        8.4059436246554402E-013
   29.520936590000005        8.0154092600299523E-013
   29.550095100000011        3.5562477819520043E-013
   29.579253610000009       -2.9250048283693484E-013
   29.608412120000008       -4.0684511034428739E-013
   29.637570630000010       -7.1706348070838256E-013
   29.666729140000008        8.0826953648129364E-014
   29.695887650000010       -2.9489409280529240E-013
   29.725046160000009       -2.9346087363812381E-013
   29.754204670000007       -2.9202250250652349E-013
   29.783363180000009        7.1974059403172140E-013
   29.812521690000008       -4.9135953670844922E-013
   29.841680200000010        1.9266894811731356E-014
   29.870838710000008       -1.5451295671583701E-013
   29.899997220000007       -2.0697713188536907E-013
   29.929155730000009        6.4282796330138517E-013
