  0.10000000000000001        2.5153096785896998     
  0.12915851000000000        2.5321783335544952     
  0.15831702000000000        2.5507478035436804     
  0.18747553000000003        2.5692444389262290     
  0.21663404000000003        2.5891682901442756     
  0.24579255000000003        2.6100052836559993     
  0.27495106000000002        2.6302808251380099     
  0.30410957000000005        2.6499919526656925     
  0.33326808000000008        2.6700563640011650     
  0.36242659000000005        2.6902632897012606     
  0.39158510000000002        2.7097259812613301     
  0.42074361000000010        2.7299133399109898     
  0.44990212000000007        2.7485203124804736     
  0.47906063000000010        2.7676421457052145     
  0.50821914000000012        2.7852846808392404     
  0.53737765000000015        2.8036168039995446     
  0.56653616000000007        2.8209070719450469     
  0.59569467000000020        2.8375104777512385     
  0.62485318000000001        2.8544268342341206     
  0.65401169000000015        2.8707912128890101     
  0.68317020000000006        2.8868724778597068     
  0.71232871000000009        2.9016117855958803     
  0.74148722000000022        2.9168323071037237     
  0.77064573000000014        2.9317441908966364     
  0.79980424000000017        2.9461620004401685     
  0.82896275000000008        2.9597246013980145     
  0.85812126000000022        2.9734109581625732     
  0.88727977000000002        2.9866109766711837     
  0.91643828000000016        2.9995865869210045     
  0.94559679000000030        3.0117839088054694     
  0.97475530000000021        3.0245989457230449     
   1.0039138100000002        3.0365615495763998     
   1.0330723200000000        3.0481882058047520     
   1.0622308300000003        3.0588958241765161     
   1.0913893400000001        3.0702591219629385     
   1.1205478500000003        3.0811491586795654     
   1.1497063600000001        3.0911936547101524     
   1.1788648700000002        3.1016641300291954     
   1.2080233800000002        3.1119871549315326     
   1.2371818900000002        3.1210869826062746     
   1.2663404000000000        3.1305776902711639     
   1.2954989100000003        3.1401297558094812     
   1.3246574200000003        3.1488281565655498     
   1.3538159300000001        3.1574252847355515     
   1.3829744400000004        3.1659662310953074     
   1.4121329500000002        3.1741524084436588     
   1.4412914600000002        3.1820879316625925     
   1.4704499700000002        3.1900643916026681     
   1.4996084800000002        3.1976312677816390     
   1.5287669900000003       -3.2044754518330447     
   1.5579255000000003       -3.2118442606379225     
   1.5870840100000003       -3.2186257240347458     
   1.6162425200000001       -3.2253146337810756     
   1.6454010300000004       -3.2319884951339000     
   1.6745595400000002       -3.2384965984793137     
   1.7037180500000002       -3.2443724309621675     
   1.7328765600000005       -3.2503901775582196     
   1.7620350700000003       -3.2558683532360808     
   1.7911935800000005       -3.2616243603576107     
   1.8203520900000003       -3.2670772607134975     
   1.8495106000000003       -3.2721945740783607     
   1.8786691100000004       -3.2773133421303151     
   1.9078276200000004       -3.2821264709846050     
   1.9369861300000002       -3.2869149683903256     
   1.9661446400000004       -3.2914177817210151     
   1.9953031500000005       -3.2958677009082193     
   2.0244616600000005       -3.3001095219793068     
   2.0536201700000003       -3.3042003109508244     
   2.0827786800000001       -3.3082025056969595     
   2.1119371900000004       -3.3119591288968744     
   2.1410957000000006       -3.3157130899730727     
   2.1702542100000004       -3.3191808292030487     
   2.1994127200000002       -3.3226791414914851     
   2.2285712300000005       -3.3260034666520260     
   2.2577297400000007       -3.3290890943424047     
   2.2868882500000005       -3.3322205026259391     
   2.3160467600000003       -3.3350985473581414     
   2.3452052700000006       -3.3378735472770540     
   2.3743637800000004       -3.3405970991397900     
   2.4035222900000002       -3.3433436235876948     
   2.4326808000000004       -3.3458438338551986     
   2.4618393100000007       -3.3483576916672075     
   2.4909978200000005       -3.3506104335924167     
   2.5201563300000003       -3.3529176012947164     
   2.5493148400000005       -3.3551349024794894     
   2.5784733500000003       -3.3573804474334468     
   2.6076318600000006       -3.3594939620518658     
   2.6367903700000004       -3.3614748946314230     
   2.6659488800000006       -3.3634878248760907     
   2.6951073900000004       -3.3654314920784976     
   2.7242659000000002       -3.3672516360992226     
   2.7534244100000005       -3.3691311585941155     
   2.7825829200000007       -3.3710795391016291     
   2.8117414300000005       -3.3728952579220772     
   2.8408999400000003       -3.3746472538301133     
   2.8700584500000006       -3.3764975235406549     
   2.8992169600000004       -3.3783479559644594     
   2.9283754700000002       -3.3800408191079918     
   2.9575339800000009       -3.3819025371184042     
   2.9866924900000007       -3.3837383979474733     
   3.0158510000000005       -3.3856265656237778     
   3.0450095100000003       -3.3874225199024837     
   3.0741680200000006       -3.3893007563218251     
   3.1033265300000008       -3.3913498495166268     
   3.1324850400000006       -3.3935425340603791     
   3.1616435500000009       -3.3953213762263816     
   3.1908020600000007       -3.3974903237464180     
   3.2199605700000005       -3.3996776997566971     
   3.2491190800000003       -3.4018814634784813     
   3.2782775900000010       -3.4041858656108821     
   3.3074361000000008       -3.4065787277239430     
   3.3365946100000006       -3.4090640939420886     
   3.3657531200000008       -3.4116491292194815     
   3.3949116300000006       -3.4143390441197945     
   3.4240701400000004       -3.4170508937421258     
   3.4532286500000007       -3.4198285006538853     
   3.4823871600000009       -3.4228417559539288     
   3.5115456700000007       -3.4259351577704362     
   3.5407041800000005       -3.4291483598447945     
   3.5698626900000003       -3.4324696451100518     
   3.5990212000000010       -3.4360733154908165     
   3.6281797100000008       -3.4396389463240040     
   3.6573382200000006       -3.4433558004273839     
   3.6864967300000009       -3.4473101552369050     
   3.7156552400000007       -3.4513042119214021     
   3.7448137500000005       -3.4555789241308621     
   3.7739722600000007       -3.4599693414264125     
   3.8031307700000010       -3.4645084835528772     
   3.8322892800000008       -3.4692117877243929     
   3.8614477900000006       -3.4740536446122943     
   3.8906063000000009       -3.4791958013981077     
   3.9197648100000007       -3.4843662340872452     
   3.9489233200000009       -3.4898558327101252     
   3.9780818300000007       -3.4955163856303511     
   4.0072403400000010       -3.5013410742650142     
   4.0363988500000012       -3.5073414040384652     
   4.0655573600000006       -3.5135245398082833     
   4.0947158700000008       -3.5199990170822901     
   4.1238743800000011       -3.5267292618066790     
   4.1530328900000004       -3.5334988084764918     
   4.1821914000000007       -3.5405944671689307     
   4.2113499100000009       -3.5479084434436992     
   4.2405084200000012       -3.5554471932762319     
   4.2696669300000014       -3.5632692988141264     
   4.2988254400000008       -3.5712500121733206     
   4.3279839500000010       -3.5794757273654842     
   4.3571424600000022       -3.5879376390618756     
   4.3863009700000015       -3.5966668739170777     
   4.4154594800000018       -3.6056291872772563     
   4.4446179900000011       -3.6148187934794755     
   4.4737765000000014       -3.6243571615871608     
   4.5029350100000007       -3.6340220037191422     
   4.5320935200000010       -3.6439432528622988     
   4.5612520300000021       -3.6542237024988959     
   4.5904105400000015       -3.6646728201004248     
   4.6195690500000017       -3.6753610122083624     
   4.6487275600000011       -3.6863805494960862     
   4.6778860700000013       -3.6976414247789249     
   4.7070445800000016       -3.7091498881760505     
   4.7362030900000009       -3.7210185624935650     
   4.7653616000000012       -3.7330513965569336     
   4.7945201100000014       -3.7453455131516935     
   4.8236786200000017       -3.7579872298751353     
   4.8528371300000019       -3.7708305194583107     
   4.8819956400000013       -3.7840173020733023     
   4.9111541500000016       -3.7974712517568543     
   4.9403126600000009       -3.8111263590797941     
   4.9694711700000012       -3.8250933785382975     
   4.9986296800000014       -3.8393598111624758     
   5.0277881900000017       -3.8538952988591189     
   5.0569467000000019        3.8687589699862910     
   5.0861052100000013        3.8838446889484532     
   5.1152637200000015        3.8992019415508450     
   5.1444222300000009        3.9148684161751324     
   5.1735807400000011        3.9308255307390865     
   5.2027392500000023        3.9470189621183791     
   5.2318977600000016        3.9635380473065904     
   5.2610562700000019        3.9803083732867628     
   5.2902147800000012        3.9974048759640652     
   5.3193732900000015        4.0147581463974680     
   5.3485318000000008        4.0323995445340790     
   5.3776903100000011        4.0503282259468723     
   5.4068488200000022        4.0685337626324678     
   5.4360073300000016        4.0870276802985641     
   5.4651658400000018        4.1057963085408149     
   5.4943243500000012        4.1248535249193186     
   5.5234828600000014        4.1441967210191040     
   5.5526413700000017        4.1638267750337770     
   5.5817998800000010        4.1837248127257718     
   5.6109583900000022        4.2038983013450295     
   5.6401169000000015        4.2243674310608785     
   5.6692754100000018        4.2451046442953553     
   5.6984339200000020        4.2661302514139194     
   5.7275924300000014        4.2874307905042963     
   5.7567509400000016        4.3090071550114839     
   5.7859094500000010        4.3308618988321737     
   5.8150679600000021        4.3529869073752909     
   5.8442264700000015        4.3753855428070931     
   5.8733849800000018        4.3980606568897409     
   5.9025434900000020        4.4210064899885868     
   5.9317020000000014        4.4442121543777509     
   5.9608605100000016        4.4677067407487661     
   5.9900190200000010        4.4914455097217596     
   6.0191775300000021        4.5154699345743987     
   6.0483360400000024        4.5397308327996893     
   6.0774945500000017        4.5642717155781165     
   6.1066530600000020        4.5890561765035143     
   6.1358115700000013        4.6141200535544638     
   6.1649700800000016        4.6394266548717491     
   6.1941285900000009        4.6649867984363143     
   6.2232871000000021        4.6907985564425436     
   6.2524456100000023        4.7168680669392078     
   6.2816041200000017        4.7431704312769138     
   6.3107626300000019        4.7697254587344995     
   6.3399211400000013        4.7965153645453258     
   6.3690796500000015        4.8235467789814841     
   6.3982381600000018        4.8508146836771839     
   6.4273966700000020        4.8783299810106566     
   6.4565551800000023        4.9060513928422660     
   6.4857136900000016        4.9340077655334351     
   6.5148722000000019        4.9621761409836234     
   6.5440307100000021        4.9905823298990768     
   6.5731892200000015        5.0191918690153674     
   6.6023477300000017        5.0480215667674537     
   6.6315062400000020        5.0770640603161592     
   6.6606647500000022        5.1063228256101034     
   6.6898232600000016        5.1357849761422525     
   6.7189817700000019        5.1654286904755944     
   6.7481402800000021        5.1952761067765696     
   6.7772987900000015        5.2253226503149532     
   6.8064573000000017        5.2555499254389701     
   6.8356158100000011        5.2859619314799673     
   6.8647743200000022        5.3165497987807173     
   6.8939328300000025        5.3473176604374970     
   6.9230913400000018        5.3782709438301524     
   6.9522498500000021        5.4093676737198235     
   6.9814083600000014        5.4406487316599632     
   7.0105668700000017        5.4720812510155321     
   7.0397253800000010        5.5036786543075946     
   7.0688838900000022        5.5354231159790839     
   7.0980424000000024        5.5673068418501677     
   7.1272009100000018        5.5993405407313501     
   7.1563594200000020        5.6315174255784770     
   7.1855179300000014        5.6638153481170495     
   7.2146764400000016        5.6962389582482480     
   7.2438349500000019        5.7287854195627066     
   7.2729934600000021        5.7614798534372040     
   7.3021519700000024        5.7942590136905148     
   7.3313104800000017        5.8271664602143991     
   7.3604689900000020        5.8601759333703809     
   7.3896275000000022        5.8932932248434264     
   7.4187860100000016        5.9265104637710113     
   7.4479445200000018        5.9598146111050232     
   7.4771030300000021        5.9932105963136912     
   7.5062615400000023        6.0266773393190967     
   7.5354200500000017        6.0602436215910682     
   7.5645785600000019        6.0938766502568065     
   7.5937370700000022        6.1275718985387400     
   7.6228955800000016        6.1613606786962531     
   7.6520540900000018        6.1951959572977255     
   7.6812126000000021        6.2290867829131003     
   7.7103711100000023        6.2630301778897124     
   7.7395296200000026        6.2970396586085231     
   7.7686881300000019        6.3310768769759456     
   7.7978466400000022        6.3651771841956162     
   7.8270051500000015        6.3993096555382811     
   7.8561636600000018        6.4334747376288099     
   7.8853221700000029        6.4676723283094013     
   7.9144806800000023        6.5018963950959412     
   7.9436391900000025        6.5361436419314289     
   7.9727977000000019        6.5704127380854036     
   8.0019562100000012        6.6046948964651868     
   8.0311147200000015        6.6389969755979807     
   8.0602732300000017        6.6733115710770390     
   8.0894317400000020        6.7076376348956810     
   8.1185902500000022        6.7419658840911536     
   8.1477487600000025        6.7762866715588661     
   8.1769072700000027        6.8106093436711932     
   8.2060657800000012        6.8449382849895013     
   8.2352242900000014        6.8792508116068616     
   8.2643828000000017        6.9135535393981540     
   8.2935413100000019        6.9478449730138694     
   8.3226998200000022        6.9821259042899282     
   8.3518583300000024        7.0163667010030046     
   8.3810168400000027        7.0506172401621372     
   8.4101753500000029        7.0848386272794563     
   8.4393338600000014        7.1190391301466276     
   8.4684923700000017        7.1532038297341050     
   8.4976508800000001        7.1873553062281124     
   8.5268093900000022        7.2214516391970758     
   8.5559679000000024        7.2555509817699031     
   8.5851264100000009        7.2895909568039148     
   8.6142849200000029        7.3236105888394256     
   8.6434434300000014        7.3575886547928260     
   8.6726019400000016        7.3915234250464588     
   8.7017604500000019        7.4254131360650382     
   8.7309189600000021        7.4592903243150026     
   8.7600774700000024        7.4931109802016413     
   8.7892359800000008        7.5268937238423783     
   8.8183944900000011        7.5606225825366078     
   8.8475530000000013        7.5943116416290204     
   8.8767115100000016        7.6279783404023052     
   8.9058700200000001        7.6615659790707120     
   8.9350285300000003        7.6951188766473706     
   8.9641870400000006        7.7286309299173821     
   8.9933455500000008        7.7620709327109383     
   9.0225040600000028        7.7954974003564317     
   9.0516625700000013        7.8288468028143221     
   9.0808210800000015        7.8621559109186938     
   9.1099795900000018        7.8954114613449979     
   9.1391381000000020        7.9286243472458091     
   9.1682966100000023        7.9617785125621365     
   9.1974551200000008        7.9948745876368195     
   9.2266136300000010        8.0279294506559662     
   9.2557721400000013        8.0609352740904754     
   9.2849306500000015        8.0938818372818950     
   9.3140891600000018        8.1267844205859756     
   9.3432476700000002        8.1596354461213227     
   9.3724061800000005        8.1924190062029982     
   9.4015646900000007        8.2251662125837530     
   9.4307232000000010        8.2578525106874938     
   9.4598817100000030        8.2904961282001768     
   9.4890402200000015        8.3230910501415760     
   9.5181987300000017        8.3556158429286214     
   9.5473572400000020        8.3881049196214335     
   9.5765157500000022        8.4205443505665301     
   9.6056742600000025        8.4529271241850896     
   9.6348327700000009        8.4852579517301656     
   9.6639912800000012        8.5175453879528433     
   9.6931497900000014        8.5497578783579211     
   9.7223083000000017        8.5819448103278013     
   9.7514668100000002        8.6140653815357009     
   9.7806253200000004        8.6461549553617889     
   9.8097838300000006        8.6781895992911817     
   9.8389423400000009        8.7101715591958726     
   9.8681008500000029        8.7421070174033506     
   9.8972593600000032        8.7740069474082265     
   9.9264178700000016        8.8058495418445997     
   9.9555763800000019        8.8376424221240928     
   9.9847348900000021        8.8693937722007856     
   10.013893400000002        8.9010924803348992     
   10.043051910000001        8.9327482255964821     
   10.072210420000001        8.9643597854708492     
   10.101368930000001        8.9959178290524608     
   10.130527440000002        9.0274553560754089     
   10.159685950000002        9.0589306553270319     
   10.188844460000000        9.0903663262487768     
   10.218002970000001        9.1217618166361412     
   10.247161480000001        9.1531109751469035     
   10.276319990000003        9.1843979140529193     
   10.305478500000003        9.2156871893799135     
   10.334637010000002        9.2469042730244482     
   10.363795520000002        9.2781045841601646     
   10.392954030000002        9.3092384663269350     
   10.422112540000002        9.3403604991868576     
   10.451271050000003        9.3714267263917073     
   10.480429560000001        9.4024401972868041     
   10.509588070000001        9.4334350803209333     
   10.538746580000002        9.4643909386492826     
   10.567905090000002        9.4953203698927044     
   10.597063600000002        9.5261829762512864     
   10.626222110000000        9.5570386127211986     
   10.655380620000001        9.5878260918898999     
   10.684539130000003        9.6186089678044802     
   10.713697640000003        9.6493448261487220     
   10.742856150000003        9.6800625651072796     
   10.772014660000002        9.7107403118175029     
   10.801173170000002        9.7413648928621690     
   10.830331680000002        9.7719668429288582     
   10.859490190000002        9.8025305347521776     
   10.888648700000001        9.8330941246401835     
   10.917807210000001        9.8635993744388024     
   10.946965720000001        9.8940660029627736     
   10.976124230000002        9.9245178688595050     
   11.005282740000002        9.9549282595217328     
   11.034441250000000        9.9853171968394641     
   11.063599760000001        10.015679862396324     
   11.092758270000003        10.046009879228011     
   11.121916780000003        10.076309875849088     
   11.151075290000003        10.106570931527363     
   11.180233800000002        10.136813209179653     
   11.209392310000002        10.167032672524410     
   11.238550820000002        10.197209903968336     
   11.267709330000002        10.227383832307943     
   11.296867840000003        10.257528249643366     
   11.326026350000001        10.287627028174569     
   11.355184860000001        10.317713480953584     
   11.384343370000002        10.347753425031980     
   11.413501880000002        10.377802351627631     
   11.442660390000002        10.407801013823496     
   11.471818900000001        10.437800213272062     
   11.500977410000001        10.467742664317363     
   11.530135920000003        10.497674255904503     
   11.559294430000003        10.527590636387357     
   11.588452940000003        10.557482292644705     
   11.617611450000002        10.587351329010517     
   11.646769960000002        10.617201176409710     
   11.675928470000002        10.647016147109738     
   11.705086980000003        10.676819125446690     
   11.734245490000001        10.706601959939999     
   11.763404000000001        10.736354846802392     
   11.792562510000002        10.766090435940342     
   11.821721020000002        10.795796236442710     
   11.850879530000002        10.825499942450850     
   11.880038040000001        10.855180106062098     
   11.909196550000001        10.884825030202883     
   11.938355060000003        10.914473133393729     
   11.967513570000003        10.944080529385674     
   11.996672080000003        10.973690337933489     
   12.025830590000002        11.003259617184783     
   12.054989100000002        11.032809971901356     
   12.084147610000002        11.062360419916931     
   12.113306120000003        11.091894330286561     
   12.142464630000003        11.121390161938500     
   12.171623140000001        11.150880759585455     
   12.200781650000001        11.180347515207481     
   12.229940160000002        11.209805085632459     
   12.259098670000002        11.239246578317800     
   12.288257180000002        11.268654963726126     
   12.317415690000001        11.298067712565560     
   12.346574200000003        11.327467224727341     
   12.375732710000003        11.356826698150652     
   12.404891220000003        11.386174322571001     
   12.434049730000003        11.415523969124973     
   12.463208240000002        11.444844422868350     
   12.492366750000002        11.474151265980778     
   12.521525260000002        11.503454657620237     
   12.550683770000003        11.532726993207408     
   12.579842280000001        11.561992213423961     
   12.609000790000001        11.591239273514054     
   12.638159300000002        11.620479961074963     
   12.667317810000002        11.649698724846388     
   12.696476320000002        11.678900633845316     
   12.725634830000001        11.708090557493025     
   12.754793340000003        11.737281086256056     
   12.783951850000003        11.766440233559916     
   12.813110360000003        11.795597582275903     
   12.842268870000003        11.824723699345933     
   12.871427380000002        11.853847851589849     
   12.900585890000002        11.882962434244126     
   12.929744400000002        11.912066303822373     
   12.958902910000003        11.941152627322094     
   12.988061420000003        11.970234108899440     
   13.017219930000001        11.999284356380709     
   13.046378440000002        12.028337486377817     
   13.075536950000002        12.057382133398802     
   13.104695460000002        12.086410155466611     
   13.133853970000002        12.115418283987223     
   13.163012480000003        12.144420838290939     
   13.192170990000003        12.173427763787242     
   13.221329500000003        12.202400888594321     
   13.250488010000003        12.231366095334922     
   13.279646520000004        12.260324982294261     
   13.308805030000002        12.289276425617439     
   13.337963540000002        12.318211726689622     
   13.367122050000003        12.347128859209491     
   13.396280560000003        12.376044236688152     
   13.425439070000001        12.404957048591744     
   13.454597580000001        12.433838631562487     
   13.483756090000002        12.462736010318819     
   13.512914600000002        12.491608000968865     
   13.542073110000002        12.520476397870288     
   13.571231620000001        12.549318800404642     
   13.600390130000003        12.578156624287406     
   13.629548640000003        12.607004778453049     
   13.658707150000003        12.635820304700083     
   13.687865660000003        12.664646553608652     
   13.717024170000002        12.693441992978107     
   13.746182680000002        12.722237617864160     
   13.775341190000002        12.751035260158847     
   13.804499700000003        12.779812565384733     
   13.833658210000003        12.808577415965924     
   13.862816720000001        12.837330591762928     
   13.891975230000002        12.866085423112857     
   13.921133740000002        12.894834196722112     
   13.950292250000002        12.923565242478281     
   13.979450760000002        12.952282826339808     
   14.008609270000003        12.981009570776042     
   14.037767780000003        13.009715687198913     
   14.066926290000003        13.038412693041499     
   14.096084800000003        13.067107750905810     
   14.125243310000004        13.095783459025366     
   14.154401820000002        13.124471415766713     
   14.183560330000002        13.153139509352707     
   14.212718840000003        13.181793527751047     
   14.241877350000003        13.210439421605853     
   14.271035860000001        13.239082878154205     
   14.300194370000002        13.267738807529211     
   14.329352880000002        13.296351413877865     
   14.358511390000002        13.324976961008245     
   14.387669900000002        13.353581545115594     
   14.416828410000003        13.382198746799210     
   14.445986920000003        13.410806637119032     
   14.475145430000003        13.439391951025540     
   14.504303940000003        13.467978499790053     
   14.533462450000004        13.496556872484808     
   14.562620960000002        13.525128176092295     
   14.591779470000002        13.553692560899552     
   14.620937980000003        13.582236941537506     
   14.650096490000003        13.610807548452684     
   14.679255000000003        13.639339004146672     
   14.708413510000002        13.667880965130623     
   14.737572020000002        13.696410849461687     
   14.766730530000002        13.724944090781683     
   14.795889040000002        13.753459718409058     
   14.825047550000004        13.781959504280239     
   14.854206060000003        13.810471850250915     
   14.883364570000003        13.838977144954011     
   14.912523080000003        13.867453864170594     
   14.941681590000004        13.895933410479117     
   14.970840100000004        13.924429973107214     
   14.999998610000002        13.952899725080803     
   15.029157120000002        13.981365797549596     
   15.058315630000003        14.009836662010644     
   15.087474140000003        14.038294293446578     
   15.116632650000001        14.066740681882996     
   15.145791160000002        14.095177136321144     
   15.174949670000002        14.123623510871054     
   15.204108180000002        14.152051707694223     
   15.233266690000002        14.180476328116766     
   15.262425200000003        14.208903407037052     
   15.291583710000003        14.237320144764112     
   15.320742220000003        14.265727525156100     
   15.349900730000003        14.294138163894569     
   15.379059240000004        14.322534449826525     
   15.408217750000002        14.350933304339719     
   15.437376260000002        14.379317615421559     
   15.466534770000003        14.407690601686458     
   15.495693280000003        14.436073662141998     
   15.524851790000003        14.464442752092333     
   15.554010300000002        14.492814910401192     
   15.583168810000002        14.521184401308648     
   15.612327320000002        14.549551170533935     
   15.641485830000002        14.577902344206290     
   15.670644340000004        14.606233389729523     
   15.699802850000003        14.634588469804681     
   15.728961360000003        14.662933570357943     
   15.758119870000003        14.691262724405515     
   15.787278380000004        14.719591693515216     
   15.816436890000004        14.747910839483598     
   15.845595400000002        14.776231352982782     
   15.874753910000003        14.804550399252104     
   15.903912420000003        14.832868500677293     
   15.933070930000003        14.861156282096767     
   15.962229440000002        14.889462737019285     
   15.991387950000002        14.917775279677246     
   16.020546460000002        14.946055453275829     
   16.049704970000001        14.974353842812626     
   16.078863480000003        15.002629408731435     
   16.108021990000005        15.030908734907145     
   16.137180500000003        15.059172346227575     
   16.166339010000005        15.087447479022833     
   16.195497520000004        15.115716409915052     
   16.224656030000002        15.143983013075179     
   16.253814540000004        15.172238327873412     
   16.282973050000003        15.200479953307898     
   16.312131560000005        15.228743093466576     
   16.341290070000003        15.256986632754781     
   16.370448580000001        15.285221908797459     
   16.399607090000003        15.313452069378249     
   16.428765600000002        15.341708648608623     
   16.457924110000000        15.369932630649116     
   16.487082620000002        15.398149667021002     
   16.516241130000004        15.426388180167280     
   16.545399640000003        15.454594393898264     
   16.574558150000005        15.482803579576668     
   16.603716660000003        15.511013930433796     
   16.632875170000002        15.539220345644502     
   16.662033680000004        15.567419522780845     
   16.691192190000002        15.595620992549520     
   16.720350700000004        15.623822874840611     
   16.749509210000003        15.652000174962319     
   16.778667720000001        15.680197104789176     
   16.807826230000003        15.708376540014486     
   16.836984740000002        15.736545426391190     
   16.866143250000004        15.764741845135335     
   16.895301760000002        15.792903884824488     
   16.924460270000004        15.821076759981757     
   16.953618780000003        15.849252464671842     
   16.982777290000005        15.877409986144050     
   17.011935800000003        15.905575064968627     
   17.041094310000002        15.933730790766141     
   17.070252820000004        15.961878907093809     
   17.099411330000002        15.990034222337510     
   17.128569840000008        16.018186990438409     
   17.157728350000006        16.046323238816445     
   17.186886860000005        16.074464691153040     
   17.216045370000007        16.102593061506216     
   17.245203880000005        16.130720783734457     
   17.274362390000007        16.158865135888053     
   17.303520900000006        16.186996460377436     
   17.332679410000004        16.215111014534198     
   17.361837920000006        16.243227559381591     
   17.390996430000005        16.271359892377056     
   17.420154940000007        16.299477349681304     
   17.449313450000005        16.327583099980998     
   17.478471960000004        16.355696681433944     
   17.507630470000006        16.383794492764459     
   17.536788980000004        16.411898232033504     
   17.565947490000006        16.439994991447008     
   17.595106000000005        16.468092068256812     
   17.624264510000003        16.496197325698379     
   17.653423020000005        16.524279931889311     
   17.682581530000004        16.552355293900721     
   17.711740040000006        16.580465551837136     
   17.740898550000004        16.608531429666897     
   17.770057060000003        16.636609840693598     
   17.799215570000005        16.664696334577290     
   17.828374080000003        16.692767537295730     
   17.857532590000005        16.720831258983171     
   17.886691100000004        16.748919769472259     
   17.915849610000002        16.776982786513294     
   17.945008120000008        16.805040489621781     
   17.974166630000006        16.833096486119487     
   18.003325140000008        16.861162376266023     
   18.032483650000007        16.889222211095753     
   18.061642160000005        16.917270191975977     
   18.090800670000007        16.945311415016349     
   18.119959180000006        16.973362355124028     
   18.149117690000008        17.001412097038070     
   18.178276200000006        17.029454863418138     
   18.207434710000005        17.057487965179920     
   18.236593220000007        17.085540585569937     
   18.265751730000005        17.113561796922244     
   18.294910240000007        17.141587680680562     
   18.324068750000006        17.169628219012850     
   18.353227260000004        17.197671998469534     
   18.382385770000006        17.225680438438392     
   18.411544280000005        17.253704073350242     
   18.440702790000003        17.281731409354435     
   18.469861300000005        17.309748883456582     
   18.499019810000004        17.337751365686035     
   18.528178320000006        17.365777100500154     
   18.557336830000004        17.393779185309999     
   18.586495340000003        17.421790217931317     
   18.615653850000005        17.449802224825408     
   18.644812360000003        17.477801706303232     
   18.673970870000005        17.505803759181397     
   18.703129380000004        17.533798539809606     
   18.732287890000002        17.561792060384711     
   18.761446400000004        17.589792565899959     
   18.790604910000006        17.617791020712083     
   18.819763420000008        17.645777436629569     
   18.848921930000007        17.673777328603649     
   18.878080440000005        17.701755596884691     
   18.907238950000007        17.729754012984518     
   18.936397460000006        17.757724480512209     
   18.965555970000008        17.785701661623385     
   18.994714480000006        17.813693197994230     
   19.023872990000005        17.841660854670298     
   19.053031500000007        17.869646146227399     
   19.082190010000005        17.897621430279770     
   19.111348520000007        17.925579966655210     
   19.140507030000006        17.953548884209521     
   19.169665540000004        17.981507108204234     
   19.198824050000006        18.009488507634376     
   19.227982560000004        18.037443050386372     
   19.257141070000007        18.065402158646187     
   19.286299580000005        18.093357889048136     
   19.315458090000003        18.121319315747048     
   19.344616600000005        18.149259533294302     
   19.373775110000004        18.177225789993724     
   19.402933620000006        18.205171107501229     
   19.432092130000004        18.233120961516672     
   19.461250640000003        18.261067407269525     
   19.490409150000005        18.289005374070815     
   19.519567660000003        18.316964738261014     
   19.548726170000005        18.344887949777977     
   19.577884680000004        18.372831924066851     
   19.607043190000006        18.400766019812171     
   19.636201700000008        18.428710149878786     
   19.665360210000006        18.456632885635852     
   19.694518720000008        18.484574135421600     
   19.723677230000007        18.512500614181668     
   19.752835740000005        18.540421144467157     
   19.781994250000007        18.568358198677714     
   19.811152760000006        18.596289494651305     
   19.840311270000008        18.624210347142299     
   19.869469780000006        18.652114609011910     
   19.898628290000005        18.680037742205151     
   19.927786800000007        18.707968202859313     
   19.956945310000005        18.735879169741686     
   19.986103820000007        18.763798431935825     
   20.015262330000006        18.791704473669267     
   20.044420840000004        18.819615712739260     
   20.073579350000006        18.847528723845933     
   20.102737860000005        18.875443155977006     
   20.131896370000003        18.903347498647342     
   20.161054880000005        18.931264861992439     
   20.190213390000004        18.959152080940861     
   20.219371900000006        18.987060287831792     
   20.248530410000004        19.014960816844926     
   20.277688920000003        19.042861970051153     
   20.306847430000005        19.070752502160062     
   20.336005940000003        19.098633605629132     
   20.365164450000005        19.126536905036815     
   20.394322960000004        19.154441006628225     
   20.423481470000009        19.182333533025137     
   20.452639980000008        19.210216372325565     
   20.481798490000006        19.238089585259388     
   20.510957000000008        19.265986364859639     
   20.540115510000007        19.293863997736409     
   20.569274020000005        19.321754666279055     
   20.598432530000007        19.349635122745696     
   20.627591040000006        19.377516203351878     
   20.656749550000008        19.405385800609039     
   20.685908060000006        19.433273360377491     
   20.715066570000005        19.461146437717112     
   20.744225080000007        19.489028849967912     
   20.773383590000005        19.516899069298812     
   20.802542100000007        19.544771473864163     
   20.831700610000006        19.572634676153019     
   20.860859120000004        19.600491112940290     
   20.890017630000006        19.628364844551818     
   20.919176140000005        19.656238044839750     
   20.948334650000007        19.684103139344689     
   20.977493160000005        19.711958747374876     
   21.006651670000004        19.739835068171068     
   21.035810180000006        19.767688058627698     
   21.064968690000004        19.795552886194283     
   21.094127200000006        19.823402314783358     
   21.123285710000005        19.851255535922107     
   21.152444220000003        19.879121997702086     
   21.181602730000005        19.906959657304004     
   21.210761240000004        19.934828476324483     
   21.239919750000006        19.962677267900947     
   21.269078260000008        19.990515747964523     
   21.298236770000006        20.018373684730559     
   21.327395280000008        20.046219734935715     
   21.356553790000007        20.074065620841857     
   21.385712300000009        20.101909959434280     
   21.414870810000007        20.129768997152322     
   21.444029320000006        20.157599075247951     
   21.473187830000008        20.185439312265441     
   21.502346340000006        20.213276903939033     
   21.531504850000008        20.241127859117405     
   21.560663360000007        20.268958999683864     
   21.589821870000005        20.296794875235914     
   21.618980380000007        20.324618418863771     
   21.648138890000006        20.352464331578844     
   21.677297400000008        20.380295765239108     
   21.706455910000006        20.408130996756963     
   21.735614420000005        20.435954913028535     
   21.764772930000007        20.463789016880373     
   21.793931440000005        20.491607555830573     
   21.823089950000007        20.519447818662247     
   21.852248460000006        20.547270821882954     
   21.881406970000004        20.575092685339907     
   21.910565480000006        20.602919851763872     
   21.939723990000005        20.630743635059350     
   21.968882500000003        20.658563610439952     
   21.998041010000005        20.686384470031328     
   22.027199520000003        20.714187442019814     
   22.056358030000005        20.742012348109981     
   22.085516540000008        20.769820863661987     
   22.114675050000010        20.797661265322688     
   22.143833560000008        20.825465411648189     
   22.172992070000006        20.853273572132110     
   22.202150580000009        20.881078260886220     
   22.231309090000007        20.908905681328889     
   22.260467600000005        20.936715435988916     
   22.289626110000007        20.964523356541175     
   22.318784620000006        20.992332270021162     
   22.347943130000008        21.020127803099250     
   22.377101640000006        21.047937282437356     
   22.406260150000005        21.075745217237998     
   22.435418660000007        21.103544557870499     
   22.464577170000005        21.131349668146154     
   22.493735680000007        21.159161125001525     
   22.522894190000006        21.186959625182809     
   22.552052700000004        21.214765621953585     
   22.581211210000006        21.242559352039862     
   22.610369720000005        21.270347260387361     
   22.639528230000007        21.298147782690386     
   22.668686740000005        21.325950669112746     
   22.697845250000004        21.353755024609761     
   22.727003760000006        21.381529055209818     
   22.756162270000004        21.409336475833886     
   22.785320780000006        21.437121752360099     
   22.814479290000005        21.464913310711310     
   22.843637800000003        21.492719092030896     
   22.872796310000005        21.520499612827319     
   22.901954820000004        21.548288102626405     
   22.931113330000009        21.576072056532205     
   22.960271840000008        21.603859528045028     
   22.989430350000006        21.631643050732741     
   23.018588860000008        21.659422494796342     
   23.047747370000007        21.687210372079971     
   23.076905880000009        21.715002767658461     
   23.106064390000007        21.742783084842813     
   23.135222900000006        21.770562833153249     
   23.164381410000008        21.798327808774609     
   23.193539920000006        21.826118182320915     
   23.222698430000008        21.853892232404849     
   23.251856940000007        21.881675625403805     
   23.281015450000005        21.909445296386640     
   23.310173960000007        21.937219243998708     
   23.339332470000006        21.964997775689884     
   23.368490980000008        21.992769460941947     
   23.397649490000006        22.020550625968156     
   23.426808000000005        22.048309606051536     
   23.455966510000007        22.076096011821566     
   23.485125020000005        22.103859941330661     
   23.514283530000007        22.131629228242183     
   23.543442040000006        22.159397639692184     
   23.572600550000004        22.187169988364818     
   23.601759060000006        22.214942097010471     
   23.630917570000005        22.242693454434622     
   23.660076080000003        22.270460515059955     
   23.689234590000005        22.298238543860908     
   23.718393100000004        22.325984598489669     
   23.747551610000009        22.353767020294850     
   23.776710120000008        22.381524236706849     
   23.805868630000010        22.409283467322759     
   23.835027140000008        22.437041387409725     
   23.864185650000007        22.464812937684982     
   23.893344160000009        22.492574928634305     
   23.922502670000007        22.520320437555668     
   23.951661180000006        22.548078355150846     
   23.980819690000008        22.575833079070307     
   24.009978200000006        22.603586719873469     
   24.039136710000008        22.631346314866359     
   24.068295220000007        22.659098514087837     
   24.097453730000005        22.686858072511768     
   24.126612240000007        22.714605684347575     
   24.155770750000006        22.742367413136911     
   24.184929260000008        22.770109419080811     
   24.214087770000006        22.797860329737670     
   24.243246280000005        22.825620471349879     
   24.272404790000007        22.853367729791486     
   24.301563300000005        22.881111475454599     
   24.330721810000007        22.908864759085947     
   24.359880320000006        22.936604883908593     
   24.389038830000004        22.964350566540475     
   24.418197340000006        22.992094640558800     
   24.447355850000005        23.019829060955704     
   24.476514360000007        23.047586615552387     
   24.505672870000005        23.075333163078142     
   24.534831380000004        23.103074395292673     
   24.563989890000006        23.130812067416901     
   24.593148400000008        23.158547392720816     
   24.622306910000010        23.186283559959705     
   24.651465420000008        23.214036514723528     
   24.680623930000007        23.241766795046100     
   24.709782440000009        23.269505337759238     
   24.738940950000007        23.297253171147855     
   24.768099460000009        23.324985531740516     
   24.797257970000008        23.352718300344858     
   24.826416480000006        23.380459807498735     
   24.855574990000008        23.408184990310868     
   24.884733500000007        23.435927110069088     
   24.913892010000009        23.463656272589027     
   24.943050520000007        23.491399240971358     
   24.972209030000005        23.519128298678677     
   25.001367540000007        23.546868726493848     
   25.030526050000006        23.574589572254038     
   25.059684560000008        23.602317824249390     
   25.088843070000006        23.630042146448325     
   25.118001580000005        23.657772396767012     
   25.147160090000007        23.685514684584522     
   25.176318600000005        23.713243930898813     
   25.205477110000007        23.740966115547604     
   25.234635620000006        23.768685900226000     
   25.263794130000004        23.796424250576585     
   25.292952640000006        23.824146655745796     
   25.322111150000005        23.851866599791610     
   25.351269660000003        23.879598522850962     
   25.380428170000005        23.907319194845257     
   25.409586680000007        23.935048399644739     
   25.438745190000009        23.962763707424568     
   25.467903700000008        23.990473842827157     
   25.497062210000010        24.018204619196027     
   25.526220720000008        24.045927493628120     
   25.555379230000007        24.073648340285793     
   25.584537740000009        24.101374184580035     
   25.613696250000007        24.129087413075226     
   25.642854760000006        24.156809004484415     
   25.672013270000008        24.184523069848947     
   25.701171780000006        24.212246240094267     
   25.730330290000008        24.239942751290894     
   25.759488800000007        24.267669822793334     
   25.788647310000005        24.295382785560548     
   25.817805820000007        24.323114090501910     
   25.846964330000006        24.350819684889789     
   25.876122840000008        24.378529725707619     
   25.905281350000006        24.406244022707579     
   25.934439860000005        24.433940405845078     
   25.963598370000007        24.461660275885297     
   25.992756880000005        24.489385267885563     
   26.021915390000007        24.517082255320023     
   26.051073900000006        24.544797030130614     
   26.080232410000004        24.572508683406866     
   26.109390920000006        24.600203035686921     
   26.138549430000005        24.627936460294507     
   26.167707940000007        24.655626301735420     
   26.196866450000005        24.683336693550132     
   26.226024960000007        24.711055381175420     
   26.255183470000009        24.738766793628884     
   26.284341980000008        24.766457432561506     
   26.313500490000010        24.794165822604704     
   26.342659000000008        24.821874217245888     
   26.371817510000007        24.849576335304253     
   26.400976020000009        24.877289710303160     
   26.430134530000007        24.904989300239695     
   26.459293040000009        24.932679026790144     
   26.488451550000008        24.960382008522537     
   26.517610060000006        24.988094394729437     
   26.546768570000008        25.015793895185769     
   26.575927080000007        25.043477704100408     
   26.605085590000009        25.071195433443155     
   26.634244100000007        25.098892051016147     
   26.663402610000006        25.126589261202373     
   26.692561120000008        25.154297964515010     
   26.721719630000006        25.181992586311203     
   26.750878140000008        25.209684905295795     
   26.780036650000007        25.237390417318071     
   26.809195160000005        25.265077687040392     
   26.838353670000007        25.292787998094735     
   26.867512180000006        25.320468769093036     
   26.896670690000008        25.348165810369693     
   26.925829200000006        25.375862721733526     
   26.954987710000005        25.403556725180081     
   26.984146220000007        25.431262331332828     
   27.013304730000005        25.458940651308151     
   27.042463240000004        25.486637195891774     
   27.071621750000009        25.514320031732058     
   27.100780260000008        25.542023515711399     
   27.129938770000010        25.569712557805811     
   27.159097280000008        25.597399897011528     
   27.188255790000010        25.625091703525651     
   27.217414300000009        25.652787744635731     
   27.246572810000007        25.680477134746930     
   27.275731320000009        25.708174759917000     
   27.304889830000008        25.735854005830110     
   27.334048340000006        25.763541469595687     
   27.363206850000008        25.791245269274139     
   27.392365360000007        25.818910886507080     
   27.421523870000009        25.846599640621019     
   27.450682380000007        25.874290534189061     
   27.479840890000006        25.901985378462111     
   27.508999400000008        25.929656791787970     
   27.538157910000006        25.957352478182006     
   27.567316420000008        25.985026978220422     
   27.596474930000007        26.012721980087125     
   27.625633440000005        26.040398899068585     
   27.654791950000007        26.068081544869752     
   27.683950460000005        26.095774370522530     
   27.713108970000008        26.123458876002381     
   27.742267480000006        26.151129841716998     
   27.771425990000004        26.178821773886586     
   27.800584500000006        26.206504374675617     
   27.829743010000005        26.234172027697742     
   27.858901520000007        26.261863627178201     
   27.888060030000009        26.289546473289057     
   27.917218540000007        26.317227562373152     
   27.946377050000009        26.344900912606501     
   27.975535560000008        26.372588535323306     
   28.004694070000010        26.400263854675423     
   28.033852580000008        26.427933736279041     
   28.063011090000007        26.455612094742364     
   28.092169600000009        26.483285121371289     
   28.121328110000007        26.510959810932572     
   28.150486620000009        26.538652496560804     
   28.179645130000008        26.566318344961587     
   28.208803640000006        26.594002001659891     
   28.237962150000008        26.621674627942916     
   28.267120660000007        26.649339481002528     
   28.296279170000009        26.677019240889877     
   28.325437680000007        26.704696264512542     
   28.354596190000006        26.732367294505242     
   28.383754700000008        26.760053967566641     
   28.412913210000006        26.787703470016126     
   28.442071720000008        26.815391620831846     
   28.471230230000007        26.843068521050220     
   28.500388740000005        26.870728332761772     
   28.529547250000007        26.898409556679429     
   28.558705760000006        26.926069800069346     
   28.587864270000008        26.953747292974235     
   28.617022780000006        26.981407862043859     
   28.646181290000005        27.009093956673798     
   28.675339800000007        27.036758416335239     
   28.704498310000005        27.064420323824599     
   28.733656820000011        27.092092184931442     
   28.762815330000009        27.119757211199119     
   28.791973840000008        27.147439766586334     
   28.821132350000010        27.175101285856034     
   28.850290860000008        27.202768598856117     
   28.879449370000010        27.230435959959816     
   28.908607880000009        27.258104268177004     
   28.937766390000007        27.285763908723879     
   28.966924900000009        27.313427150547742     
   28.996083410000008        27.341095058207486     
   29.025241920000010        27.368765381702850     
   29.054400430000008        27.396430370970492     
   29.083558940000007        27.424092105183519     
   29.112717450000009        27.451764364580626     
   29.141875960000007        27.479413409046529     
   29.171034470000006        27.507087426037391     
   29.200192980000008        27.534765552399215     
   29.229351490000006        27.562412626901846     
   29.258510000000008        27.590063048520019     
   29.287668510000007        27.617735408338110     
   29.316827020000005        27.645407917809948     
   29.345985530000007        27.673052510099424     
   29.375144040000006        27.700721370098755     
   29.404302550000008        27.728373952537055     
   29.433461060000006        27.756052623848312     
   29.462619570000005        27.783698484539368     
   29.491778080000007        27.811358884663566     
   29.520936590000005        27.839018457655651     
   29.550095100000011        27.866679263998812     
   29.579253610000009        27.894332530853610     
   29.608412120000008        27.921998250085768     
   29.637570630000010        27.949655815510837     
   29.666729140000008        27.977316445830571     
   29.695887650000010        28.004979579977192     
   29.725046160000009        28.032635293630591     
   29.754204670000007        28.060291824707161     
   29.783363180000009        28.087930837485075     
   29.812521690000008        28.115594163058823     
   29.841680200000010        28.143263988332393     
   29.870838710000008        28.170899422643625     
   29.899997220000007        28.198568814884883     
   29.929155730000009        28.226230995358176     
