!interpolated soft-core parmeters
0.1 0.72284597
0.12915851 0.73943068
0.15831702 0.7560153743122285
0.18747553 0.772600084312223
0.21663404 0.7891847843122265
0.24579255 0.8057690443123774
0.27495106 0.8223532886247655
0.30410957 0.8389064986460523
0.33326807999999997 0.855459338646306
0.36242659 0.8719696386754845
0.3915851 0.8884792630139218
0.42074360999999993 0.9047685732405942
0.44990211999999996 0.9210534732451315
0.47906063 0.937225377815184
0.50821914 0.9533945678189079
0.5373776499999999 0.9692092683052014
0.56653616 0.9850139583189332
0.59569467 0.9999615543683836
0.62485318 1.0148813744160108
0.6540116899999999 1.0296638746514826
0.6831702 1.0444412746602276
0.71232871 1.0589512701425174
0.7414872199999999 1.0734503701649365
0.7706457299999999 1.0875012710872056
0.7998042399999999 1.1015319663169119
0.82896275 1.1150977674329725
0.85812126 1.1286405674881879
0.8872797699999999 1.141270069680721
0.9164382799999999 1.153850465484119
0.94559679 1.166411365537608
0.9747552999999999 1.1789710655409005
1.00391381 1.1910282627845308
1.03307232 1.2030540670057102
1.06223083 1.2146176722395872
1.09138934 1.2261502762691496
1.1205478500000001 1.237024081353979
1.1497063600000001 1.247850848016983
1.17886487 1.2581582540455785
1.20802338 1.2684262577426824
1.23718189 1.2783405625984532
1.2663404 1.2882262660966786
1.29549891 1.2979175700870413
1.32465742 1.3075923734559736
1.3538159300000001 1.3169663774960991
1.38297444 1.3263134487102946
1.41213295 1.3352439540588508
1.44129146 1.3441351573102869
1.47044997 1.3526022622503557
1.49960848 1.3610272653274345
1.52876699 1.3690206698450196
1.5579255 1.3769692727400245
1.58708401 1.384473976836154
1.6162425200000001 1.391930253971247
1.64540103 1.3988629595809454
1.67455954 1.405736062285577
1.70371805 1.4121011672560317
1.73287656 1.418405969728484
1.76203507 1.4242555739201948
1.79119358 1.430048876158033
1.82035209 1.4354395611762225
1.8495106 1.4407786633787747
1.87866911 1.4457833673888232
1.90782762 1.4507435693799065
1.93698613 1.455383272949603
1.96614464 1.459978674783888
1.99530315 1.464191078330161
2.02446166 1.4683485800384106
2.05362017 1.4720600707240745
2.08277868 1.4757052724970763
2.11193719 1.4788733771832911
2.1410957 1.4819681787725707
2.17025421 1.4847347819725294
2.19941272 1.4874491832435823
2.22857123 1.489847386018005
2.25772974 1.4921936871252637
2.28688825 1.4942030827718067
2.31604676 1.4961553839308606
2.34520527 1.497750387418763
2.37436378 1.4992827884380884
2.40352229 1.5004791913835074
2.4326808 1.5016148922101618
2.46183931 1.5025669937960113
2.49099782 1.5034847943342766
2.52015633 1.5041866935006138
2.54931484 1.5048472941095736
2.57847335 1.5052354966716395
2.60763186 1.5055700972459487
2.63679037 1.5055803999187543
2.6659488799999997 1.505525100417237
2.69510739 1.5053001016204537
2.7242659 1.5050398017854143
2.75342441 1.504674403634125
2.78258292 1.5042865037248832
2.81174143 1.5037360050974844
2.84089994 1.503149805227018
2.87005845 1.502344206907077
2.89921696 1.5014890070390452
2.9283754699999998 1.5004326083328017
2.95753398 1.4993295083228562
2.98669249 1.4981855121624494
3.015851 1.497031711870981
3.04500951 1.4958349119029442
3.07416802 1.4946277115923658
3.10332653 1.4933656116867122
3.13248504 1.492089811376031
3.16164355 1.490749611490646
3.1908020599999998 1.4893930111660065
3.21996057 1.4879972157968488
3.24911908 1.4865911154312466
3.27827759 1.4851621151924823
3.3074361 1.4837270147651629
3.33659461 1.482276414427148
3.36575312 1.480821513970952
3.3949116299999997 1.4793584135479192
3.42407014 1.4778930180922265
3.45322865 1.476426517602929
3.48238716 1.47495981710232
3.51154567 1.473499116531406
3.54070418 1.4720402160107
3.56986269 1.4705945153700293
3.5990211999999997 1.4691527148340964
3.62817971 1.4677309141407138
3.6573382199999998 1.4663154184470448
3.68649673 1.4649269176190476
3.71565524 1.4635469170379136
3.74481375 1.4621936162441485
3.77397226 1.4608489156797504
3.80313077 1.4595283149458305
3.83228928 1.4582155144073257
3.8614477899999997 1.4569294136732343
3.8906063 1.4556522175207316
3.9197648099999998 1.4544042166922166
3.94892332 1.453166116135192
3.97808183 1.4519599153057943
4.00724034 1.4507647147563145
4.036398849999999 1.4496038139347018
4.06555736 1.4484550133954766
4.09471587 1.4473431125838778
4.123874379999999 1.4462446158227762
4.1530328899999995 1.4451852148963082
4.1821914 1.4441404143326988
4.211349909999999 1.4431375134139617
4.240508419999999 1.442150412864105
4.26966693 1.4412146118746163
4.29882544 1.4402986113092238
4.327983949999999 1.4394345103721042
4.3571424599999995 1.4385908127313383
4.38630097 1.4377945117430253
4.415459479999999 1.4370171111976955
4.444617989999999 1.4362823103320816
4.4737765 1.4355650098400123
4.50293501 1.4348858090844179
4.532093519999999 1.4342226086429686
4.5612520299999995 1.4335930079891626
4.59041054 1.4329776097084224
4.619569049999999 1.4323915090452184
4.648727559999999 1.4318179086555893
4.67788607 1.4312692080916714
4.70704458 1.430731407746489
4.736203089999999 1.4302141072737966
4.765361599999999 1.4297060069701801
4.79452011 1.4292138065832605
4.823678619999999 1.4287289079822763
4.852837129999999 1.4282591075726119
4.8819956399999995 1.4277963073010616
4.91115415 1.4273504068815268
4.940312659999999 1.4269124066093934
4.969471169999999 1.4264930061848862
4.99862968 1.4260826059114151
5.027788189999999 1.4256925054852274
5.056946699999999 1.4253123065195175
5.0861052099999995 1.424954206017765
5.11526372 1.424607205712228
5.144422229999999 1.4242838052128195
5.173580739999999 1.4239725049110208
5.20273925 1.423686604412264
5.231897759999999 1.4234138041165356
5.261056269999999 1.4231676044750434
5.2902147799999995 1.4229354041409539
5.31937329 1.4227123039021554
5.348531799999999 1.422494103741619
5.377690309999999 1.4222759036667867
5.4068488199999996 1.422057803590308
5.43600733 1.421839603517122
5.465165839999999 1.4216213034438672
5.494324349999999 1.4214031041157669
5.52348286 1.4211849040409488
5.552641369999999 1.4209667039661162
5.581799879999999 1.4207485038912837
5.6109583899999995 1.4205303038164514
5.6401169 1.420312103741619
5.669275409999999 1.4200939036667866
5.698433919999999 1.4198757035919543
5.72759243 1.419636704672035
5.756750939999999 1.419385104832073
5.785909449999999 1.4192785020107346
5.8150679599999995 1.4192608003277947
5.84422647 1.4192431003217245
5.873384979999999 1.4192254003156541
5.902543489999999 1.419207600311333
5.931702 1.4191897003069431
5.960860509999999 1.419171700364215
5.990019019999999 1.419153800356054
6.019177529999999 1.4191357003538247
6.04833604 1.419117500349538
6.077494549999999 1.4190993003432961
6.106653059999999 1.4190810003389063
6.1358115699999995 1.4190627003326304
6.16497008 1.4190443003281374
6.194128589999999 1.4190258003870213
6.223287099999999 1.419007300380678
6.25244561 1.4189887003763568
6.281604119999999 1.4189701003699777
6.310762629999999 1.418951400365554
6.3399211399999995 1.4189326003610612
6.36907965 1.4189137003564998
6.398238159999999 1.418894800350018
6.427396669999999 1.4188758004105135
6.45655518 1.4188568004039988
6.485713689999999 1.418837700399575
6.514872199999999 1.418818500395082
6.5440307099999995 1.4187993003884976
6.57318922 1.4187801003819127
6.602347729999999 1.4187607003792375
6.631506239999999 1.4187413003725844
6.66066475 1.4187218004346915
6.689823259999999 1.4187022004302006
6.718981769999999 1.4186826004234785
6.748140279999999 1.4186630004167566
6.77729879 1.4186432004142189
6.806457299999999 1.4186234004074283
6.835615809999999 1.4186035004026611
6.8647743199999995 1.4185836004640826
6.893932829999999 1.4185636004595572
6.923091339999999 1.4185436004526981
6.952249849999999 1.4185235004480683
6.98140836 1.4185033004433698
7.010566869999999 1.4184830004386026
7.039725379999999 1.4184628004295146
7.0688838899999995 1.4184424004267708
7.098042399999999 1.4184219004921361
7.127200909999999 1.4184014004851073
7.156359419999999 1.4183808004804088
7.18551793 1.418360200473344
7.214676439999999 1.4183396004662792
7.243834949999999 1.4183188004636726
7.2729934599999995 1.4182980004565393
7.30215197 1.4182771004515664
7.331310479999999 1.4182562005160742
7.360468989999999 1.4182352005113432
7.3896275 1.4182141005065418
7.418786009999999 1.4181930004993055
7.447944519999999 1.4181717004967334
7.477103029999999 1.4181505004871309
7.50626154 1.4181292004821238
7.535420049999999 1.418107800477048
7.564578559999999 1.4180863005456366
7.5937370699999995 1.418064800538265
7.622895579999999 1.4180433005308914
7.652054089999999 1.418021600528388
7.681212599999999 1.417999900520946
7.71037111 1.4179781005158703
7.739529619999999 1.4179563005083937
7.768688129999999 1.4179344005032153
7.7978466399999995 1.4179124005734158
7.827005149999999 1.4178904005658728
7.856163659999999 1.4178683005608657
7.885322169999999 1.4178462005532864
7.91448068 1.4178240005481764
7.943639189999999 1.4178017005429977
7.972797699999999 1.4177793005377506
8.00195621 1.4177569005300685
8.03111472 1.4177344006018808
8.06027323 1.4177119005941663
8.08943174 1.4176893005890563
8.118590249999999 1.4176667005813057
8.147748759999999 1.4176439005786308
8.17690727 1.4176211005708113
8.20606578 1.417598300562992
8.23522429 1.4175754005576076
8.2643828 1.4175524006310316
8.293541309999998 1.417529400623146
8.322699819999999 1.417506200620608
8.351858329999999 1.4174831006100108
8.38101684 1.417459900604695
8.41017535 1.4174366005993106
8.43933386 1.4174132005938576
8.46849237 1.4173898006660814
8.49765088 1.4173663006608708
8.526809389999999 1.4173428006528113
8.555967899999999 1.4173191006502392
8.585126409999999 1.4172954006421112
8.61428492 1.4172717006339832
8.64344343 1.417247900628496
8.67260194 1.4172240006229402
8.70176045 1.417200100696707
8.730918959999999 1.4171761006913937
8.760077469999999 1.4171520006860092
8.789235979999999 1.4171279006777442
8.81839449 1.417103800669479
8.847553 1.417079500666701
8.87671151 1.4170551006610765
8.90587002 1.4170307006527085
8.935028529999999 1.4170063007280185
8.964187039999999 1.4169818007226025
8.993345549999999 1.4169573007142
9.02250406 1.4169326007115592
9.05166257 1.4169079007030883
9.08082108 1.4168831006974296
9.10997959 1.4168583006889242
9.139138099999998 1.4168334006831627
9.168296609999999 1.4168085007600157
9.197455119999999 1.4167834007575149
9.22661363 1.416758400745923
9.25577214 1.4167333007402987
9.28493065 1.4167081007346056
9.31408916 1.4166828007288441
9.343247669999998 1.416657400723014
9.372406179999999 1.4166320007143027
9.401564689999999 1.4166065007958202
9.4307232 1.4165810007870776
9.45988171 1.4165555007783324
9.48904022 1.4165298007756228
9.51819873 1.416504100766809
9.547357239999998 1.4164783007609445
9.576515749999999 1.4164525007520963
9.605674259999999 1.416426600746129
9.63483277 1.416400600829258
9.66399128 1.4163745008234991
9.69314979 1.416348400814548
9.7223083 1.416322300805597
9.751466809999998 1.4162961007996984
9.780625319999999 1.4162698007937309
9.809783829999999 1.4162434007876947
9.83894234 1.4162171007756914
9.86810085 1.4161906008633816
9.89725936 1.41616400085752
9.92641787 1.4161374008483976
9.955576379999998 1.41611070084243
9.984734889999999 1.4160840008332731
10.013893399999999 1.4160572005514744
10.043051909999999 1.4160304010018174
10.07221042 1.4160034005370739
10.10136893 1.4159764009907747
10.13052744 1.415949400518554
10.159685949999998 1.4159223009758566
10.188844459999999 1.4158951005037381
10.218002969999999 1.4158678009643335
10.247161479999999 1.4158405004868648
10.27631999 1.4158132009456086
10.3054785 1.4157857004715688
10.33463701 1.4157583009302788
10.363795519999998 1.415730700454352
10.392954029999999 1.4157031009181384
10.422112539999999 1.4156754013869475
10.451271049999999 1.4156477009024968
10.48042956 1.415619801377825
10.50958807 1.4155919008898759
10.53874658 1.4155640013586885
10.56790509 1.4155360008738596
10.597063599999998 1.4155079013491545
10.626222109999999 1.4154798008577063
10.655380619999999 1.4154516013346137
10.68453913 1.4154233008443995
10.71369764 1.4153950013199355
10.74285615 1.4153667008249882
10.77201466 1.4153382013097158
10.801173169999998 1.4153097008112696
10.830331679999999 1.4152810012992216
10.859490189999999 1.4152524007944989
10.8886487 1.4152237012795363
10.91780721 1.415195000777591
10.94696572 1.4151661012686305
10.97612423 1.4151372007631868
11.005282739999998 1.4151083012488082
11.034441249999999 1.415079300745936
11.063599759999999 1.415050201237491
11.09275827 1.4150210007310515
11.12191678 1.4149918012217153
11.15107529 1.4149625007134576
11.1802338 1.4149332012058025
11.209392309999998 1.4149038006957269
11.238550819999999 1.4148743011937994
11.267709329999999 1.4148448006778587
11.296867839999999 1.414815101181522
11.32602635 1.4147855006598533
11.35518486 1.414755801161151
11.38434337 1.4147260006438713
11.413501879999998 1.414696101148462
11.442660389999999 1.414666200625523
11.471818899999999 1.4146363011279537
11.500977409999999 1.4146063006070375
11.53013592 1.4145761011185567
11.55929443 1.4145459005903698
11.58845294 1.4145157010978429
11.617611449999998 1.4144854016106518
11.646769959999999 1.4144550010842993
11.675928469999999 1.4144246015951165
11.705086979999999 1.4143941010669456
11.73424549 1.4143636015794436
11.763404 1.4143330010494548
11.79256251 1.4143023015687437
11.821721019999998 1.4142716010318266
11.850879529999998 1.4142407015577694
11.880038039999999 1.4142098010173538
11.909196549999999 1.4141789015365753
11.93835506 1.4141479009993825
11.96751357 1.4141169015202852
11.99667208 1.4140858009812745
12.025830589999998 1.4140546015086937
12.054989099999998 1.4140233009661156
12.084147609999999 1.4139921014872938
12.113306119999999 1.4139606009506824
12.14246463 1.4139292014752907
12.17162314 1.413897700929076
12.20078165 1.413866101463013
12.22994016 1.4138345009103506
12.259098669999998 1.4138028014459
12.288257179999999 1.4137710008943
12.317415689999999 1.4137392014286498
12.3465742 1.4137073008752314
12.37573271 1.4136754014112625
12.40489122 1.4136434008560257
12.43404973 1.413611301398093
12.463208239999998 1.4135791008392893
12.492366749999999 1.413546901380363
12.521525259999999 1.4135147008172027
12.55068377 1.4134824013624951
12.57984228 1.4134499008025243
12.60900079 1.4134175013444905
12.6381593 1.4133850007802318
12.667317809999998 1.4133524013304297
12.696476319999999 1.4133197007626037
12.725634829999999 1.413287001312082
12.754793339999999 1.4132542018672793
12.78395185 1.4132214012936417
12.81311036 1.4131885018504065
12.84226887 1.4131556012750188
12.871427379999998 1.413122501838952
12.900585889999999 1.4130894012600659
12.929744399999999 1.413056201821736
12.958902909999999 1.413023101237362
12.98806142 1.4129897018098014
13.01721993 1.4129564012219973
13.04637844 1.4129229017922427
13.075536949999998 1.4128895012027574
13.104695459999999 1.4128559017745466
13.133853969999999 1.4128224011833803
13.163012479999999 1.4127887017567131
13.19217099 1.4127549011707936
13.2213295 1.4127212017335986
13.25048801 1.4126873011510048
13.279646519999998 1.4126534017206351
13.308805029999998 1.412619401131079
13.337963539999999 1.4125853017073973
13.367122049999999 1.412551201111016
13.39628056 1.4125170016889468
13.42543907 1.4124828010908157
13.45459758 1.412448501670359
13.483756089999998 1.4124141010735989
13.512914599999998 1.4123796016564354
13.542073109999999 1.4123452010500035
13.571231619999999 1.4123106016375049
13.60039013 1.4122760010323754
13.62954864 1.412241301618437
13.65870715 1.4122066010115577
13.687865659999998 1.412171801599232
13.717024169999998 1.4121369009934495
13.746182679999999 1.4121019015844163
13.775341189999999 1.4120669009722888
13.8044997 1.4120318015648685
13.83365821 1.411996700950991
13.86281672 1.4119615015451834
13.891975229999998 1.4119263021366988
13.921133739999998 1.4118909015297345
13.950292249999999 1.4118556021185569
13.979450759999999 1.4118201015097056
14.00860927 1.4117847021002776
14.03776778 1.4117490014937237
14.06692629 1.411713402087726
14.096084799999998 1.411677601473352
14.125243309999998 1.4116419020691038
14.154401819999999 1.4116061014487962
14.183560329999999 1.411570202056072
14.212718839999999 1.411534201432197
14.24187735 1.411498202037107
14.27103586 1.4114621014114137
14.30019437 1.4114260020180047
14.329352879999998 1.4113898013904933
14.358511389999999 1.4113535020042867
14.387669899999999 1.411317101373208
14.416828409999999 1.4112807019848417
14.44598692 1.4112443013482405
14.47514543 1.4112078019652594
14.50430394 1.4111711013341792
14.533462449999998 1.41113450194554
14.562620959999999 1.411097801309006
14.591779469999999 1.4110610019309304
14.620937979999999 1.4110241012908291
14.65009649 1.410987201910868
14.679255 1.4109502012689485
14.70841351 1.4109132018906685
14.737572019999998 1.4108761012469306
14.766730529999998 1.4108390018703316
14.795889039999999 1.4108017012280678
14.825047549999999 1.4107644018548304
14.85420606 1.410727001205707
14.88336457 1.4106897018292466
14.91252308 1.4106522011832086
14.941681589999998 1.4106146018181693
14.970840099999998 1.41057690116366
14.999998609999999 1.4105393017923797
15.029157119999999 1.4105391502434779
15.05831563 1.4105390004798166
15.08747414 1.4105388507161551
15.11663265 1.410538700952494
15.145791159999998 1.4105385511888324
15.174949669999998 1.4105384014251712
15.204108179999999 1.4105382516615097
15.233266689999999 1.4105381018978485
15.2624252 1.410537952134187
15.29158371 1.4105378023705257
15.32074222 1.4105376526068643
15.349900729999998 1.410537502843203
15.379059239999998 1.4105373530795415
15.408217749999999 1.4105372033158803
15.437376259999999 1.4105370535522188
15.466534769999999 1.4105369037885576
15.49569328 1.410536754024896
15.52485179 1.4105366042612348
15.554010299999998 1.4105364544975734
15.583168809999998 1.4105363047339121
15.612327319999999 1.4105361549702506
15.641485829999999 1.4105360052065894
15.670644339999999 1.410535855442928
15.69980285 1.4105357056792664
15.72896136 1.4105355559156052
15.758119869999998 1.4105354061519437
15.787278379999998 1.4105352563882825
15.816436889999999 1.410535106624621
15.845595399999999 1.4105349568609598
15.874753909999999 1.4105348070972983
15.90391242 1.410534657333637
15.93307093 1.4105345075699756
15.96222944 1.4105343578063143
15.991387949999998 1.4105342080426528
16.02054646 1.4105340582789916
16.04970497 1.4105339085153301
16.07886348 1.4105337587516689
16.10802199 1.4105336089880074
16.1371805 1.4105334592243461
16.16633901 1.4105333094606847
16.19549752 1.4105331596970234
16.224656030000002 1.410533009933362
16.25381454 1.4105328601697007
16.28297305 1.4105327104060392
16.31213156 1.410532560642378
16.34129007 1.4105324108787165
16.37044858 1.4105322611150553
16.39960709 1.4105321113513938
16.428765600000002 1.4105319615877325
16.45792411 1.410531811824071
16.48708262 1.4105316620604098
16.51624113 1.4105315122967483
16.54539964 1.410531362533087
16.57455815 1.4105312127694256
16.60371666 1.4105310630057644
16.632875170000002 1.410530913242103
16.66203368 1.4105307634784416
16.69119219 1.4105306137147802
16.7203507 1.410530463951119
16.74950921 1.4105303141874574
16.77866772 1.4105301644237962
16.80782623 1.4105300146601347
16.836984740000002 1.4105298648964735
16.86614325 1.410529715132812
16.895301760000002 1.4105295653691508
16.92446027 1.4105294156054893
16.95361878 1.410529265841828
16.98277729 1.4105291160781666
17.0119358 1.4105289663145053
17.041094310000002 1.4105288165508438
17.07025282 1.4105286667871826
17.099411330000002 1.4105285170235211
17.12856984 1.4105283672598599
17.15772835 1.4105282174961984
17.18688686 1.4105280677325371
17.21604537 1.4105279179688757
17.245203880000002 1.4105277682052144
17.27436239 1.410527618441553
17.303520900000002 1.4105274686778917
17.33267941 1.4105273189142302
17.36183792 1.410527169150569
17.39099643 1.4105270193869075
17.42015494 1.4105268696232462
17.449313450000002 1.4105267198595848
17.47847196 1.4105265700959235
17.507630470000002 1.410526420332262
17.53678898 1.4105262705686008
17.56594749 1.4105261208049393
17.595106 1.410525971041278
17.62426451 1.4105258212776166
17.65342302 1.4105256715139554
17.68258153 1.4105255217502939
17.711740040000002 1.4105253719866326
17.74089855 1.4105252222229712
17.77005706 1.41052507245931
17.79921557 1.4105249226956484
17.82837408 1.4105247729319872
17.85753259 1.4105246231683257
17.8866911 1.4105244734046645
17.915849610000002 1.410524323641003
17.94500812 1.4105241738773417
17.97416663 1.4105240241136803
18.00332514 1.410523874350019
18.03248365 1.4105237245863576
18.06164216 1.4105235748226963
18.09080067 1.4105234250590348
18.119959180000002 1.4105232752953736
18.14911769 1.410523125531712
18.1782762 1.4105229757680509
18.20743471 1.4105228260043894
18.23659322 1.4105226762407281
18.26575173 1.4105225264770667
18.29491024 1.4105223767134054
18.324068750000002 1.410522226949744
18.35322726 1.4105220771860827
18.38238577 1.4105219274224212
18.41154428 1.41052177765876
18.44070279 1.4105216278950985
18.4698613 1.4105214781314372
18.49901981 1.4105213283677758
18.528178320000002 1.4105211786041145
18.55733683 1.410521028840453
18.58649534 1.4105208790767918
18.61565385 1.4105207293131303
18.64481236 1.410520579549469
18.67397087 1.4105204297858076
18.70312938 1.4105202800221464
18.732287890000002 1.4105201302584849
18.7614464 1.4105199804948236
18.79060491 1.4105198307311622
18.81976342 1.410519680967501
18.84892193 1.4105195312038394
18.87808044 1.4105193814401782
18.90723895 1.4105192316765167
18.936397460000002 1.4105190819128555
18.96555597 1.410518932149194
18.99471448 1.4105187823855327
19.02387299 1.4105186326218713
19.0530315 1.41051848285821
19.08219001 1.4105183330945485
19.11134852 1.4105181833308873
19.140507030000002 1.4105180335672258
19.16966554 1.4105178838035646
19.19882405 1.410517734039903
19.22798256 1.4105175842762419
19.25714107 1.4105174345125804
19.28629958 1.4105172847489191
19.31545809 1.4105171349852577
19.344616600000002 1.4105169852215964
19.37377511 1.410516835457935
19.40293362 1.4105166856942737
19.43209213 1.4105165359306122
19.46125064 1.410516386166951
19.49040915 1.4105162364032895
19.51956766 1.4105160866396282
19.548726170000002 1.4105159368759668
19.57788468 1.4105157871123055
19.60704319 1.410515637348644
19.6362017 1.4105154875849828
19.66536021 1.4105153378213213
19.69451872 1.41051518805766
19.72367723 1.4105150382939986
19.752835740000002 1.4105148885303374
19.78199425 1.4105147387666759
19.81115276 1.4105145890030146
19.84031127 1.4105144392393532
19.86946978 1.410514289475692
19.89862829 1.4105141397120304
19.9277868 1.4105139899483692
19.956945310000002 1.4105138401847077
19.98610382 1.4105136904210465
20.01526233 1.410513540657385
20.04442084 1.4105133908937237
20.07357935 1.4105132411300623
20.10273786 1.410513091366401
20.13189637 1.4105129416027395
20.161054880000002 1.4105127918390783
20.19021339 1.4105126420754168
20.2193719 1.4105124923117556
20.24853041 1.410512342548094
20.27768892 1.4105121927844328
20.30684743 1.4105120430207714
20.33600594 1.41051189325711
20.36516445 1.4105117434934487
20.39432296 1.4105115937297872
20.42348147 1.410511443966126
20.45263998 1.4105112942024645
20.48179849 1.4105111444388032
20.510957 1.4105109946751417
20.54011551 1.4105108449114805
20.56927402 1.410510695147819
20.59843253 1.4105105453841578
20.62759104 1.4105103956204963
20.65674955 1.410510245856835
20.68590806 1.4105100960931736
20.71506657 1.4105099463295123
20.74422508 1.4105097965658508
20.77338359 1.4105096468021896
20.8025421 1.4105094970385281
20.831700610000002 1.4105093472748669
20.86085912 1.4105091975112054
20.89001763 1.4105090477475442
20.91917614 1.4105088979838827
20.94833465 1.4105087482202214
20.97749316 1.41050859845656
21.00665167 1.4105084486928987
21.035810180000002 1.4105082989292372
21.06496869 1.410508149165576
21.0941272 1.4105079994019145
21.12328571 1.4105078496382533
21.15244422 1.4105076998745918
21.18160273 1.4105075501109305
21.21076124 1.410507400347269
21.239919750000002 1.4105072505836078
21.26907826 1.4105071008199463
21.29823677 1.410506951056285
21.32739528 1.4105068012926236
21.35655379 1.4105066515289624
21.3857123 1.410506501765301
21.41487081 1.4105063520016397
21.444029320000002 1.4105062022379782
21.47318783 1.410506052474317
21.50234634 1.4105059027106555
21.53150485 1.4105057529469942
21.56066336 1.4105056031833327
21.58982187 1.4105054534196715
21.61898038 1.41050530365601
21.648138890000002 1.4105051538923488
21.6772974 1.4105050041286873
21.70645591 1.410504854365026
21.73561442 1.4105047046013646
21.76477293 1.4105045548377033
21.79393144 1.4105044050740418
21.82308995 1.4105042553103806
21.852248460000002 1.4105041055467191
21.88140697 1.4105039557830579
21.91056548 1.4105038060193964
21.93972399 1.4105036562557351
21.9688825 1.4105035064920737
21.99804101 1.4105033567284124
22.02719952 1.410503206964751
22.056358030000002 1.4105030572010897
22.08551654 1.4105029074374282
22.11467505 1.410502757673767
22.14383356 1.4105026079101055
22.17299207 1.4105024581464443
22.20215058 1.4105023083827828
22.23130909 1.4105021586191215
22.260467600000002 1.41050200885546
22.28962611 1.4105018590917988
22.31878462 1.4105017093281373
22.34794313 1.410501559564476
22.37710164 1.4105014098008146
22.40626015 1.4105012600371534
22.43541866 1.410501110273492
22.464577170000002 1.4105009605098306
22.49373568 1.4105008107461692
22.52289419 1.410500660982508
22.5520527 1.4105005112188465
22.58121121 1.4105003614551852
22.61036972 1.4105002116915237
22.63952823 1.4105000619278625
22.668686740000002 1.410499912164201
22.69784525 1.4104997624005398
22.72700376 1.4104996126368783
22.75616227 1.410499462873217
22.78532078 1.4104993131095556
22.81447929 1.4104991633458943
22.8436378 1.4104990135822328
22.872796310000002 1.4104988638185716
22.90195482 1.4104987140549101
22.93111333 1.4104985642912489
22.96027184 1.4104984145275874
22.98943035 1.4104982647639261
23.01858886 1.4104981150002647
23.04774737 1.4104979652366034
23.07690588 1.410497815472942
23.10606439 1.4104976657092807
23.1352229 1.4104975159456192
23.16438141 1.410497366181958
23.19353992 1.4104972164182965
23.22269843 1.4104970666546353
23.25185694 1.4104969168909738
23.28101545 1.4104967671273125
23.31017396 1.410496617363651
23.33933247 1.4104964675999898
23.36849098 1.4104963178363283
23.39764949 1.410496168072667
23.426808 1.4104960183090056
23.45596651 1.4104958685453444
23.48512502 1.410495718781683
23.51428353 1.4104955690180216
23.54344204 1.4104954192543602
23.57260055 1.410495269490699
23.60175906 1.4104951197270374
23.63091757 1.4104949699633762
23.66007608 1.4104948201997147
23.68923459 1.4104946704360535
23.7183931 1.410494520672392
23.74755161 1.4104943709087308
23.77671012 1.4104942211450693
23.80586863 1.410494071381408
23.83502714 1.4104939216177466
23.86418565 1.4104937718540853
23.89334416 1.4104936220904238
23.92250267 1.4104934723267626
23.95166118 1.4104933225631011
23.98081969 1.4104931727994399
24.0099782 1.4104930230357784
24.03913671 1.4104928732721171
24.06829522 1.4104927235084557
24.09745373 1.4104925737447944
24.12661224 1.410492423981133
24.15577075 1.4104922742174717
24.18492926 1.4104921244538102
24.21408777 1.410491974690149
24.24324628 1.4104918249264875
24.27240479 1.4104916751628263
24.3015633 1.4104915253991648
24.33072181 1.4104913756355035
24.359880320000002 1.410491225871842
24.38903883 1.4104910761081808
24.41819734 1.4104909263445193
24.44735585 1.410490776580858
24.47651436 1.4104906268171966
24.50567287 1.4104904770535354
24.53483138 1.410490327289874
24.563989890000002 1.4104901775262126
24.5931484 1.4104900277625512
24.62230691 1.41048987799889
24.65146542 1.4104897282352284
24.68062393 1.4104895784715672
24.70978244 1.4104894287079057
24.73894095 1.4104892789442445
24.768099460000002 1.410489129180583
24.79725797 1.4104889794169218
24.82641648 1.4104888296532603
24.85557499 1.410488679889599
24.8847335 1.4104885301259376
24.91389201 1.4104883803622763
24.94305052 1.4104882305986148
24.972209030000002 1.4104880808349534
25.00136754 1.4104879310712921
25.03052605 1.4104877813076306
25.05968456 1.4104876315439694
25.08884307 1.410487481780308
25.11800158 1.4104873320166467
25.14716009 1.4104871822529852
25.176318600000002 1.410487032489324
25.20547711 1.4104868827256625
25.23463562 1.4104867329620012
25.26379413 1.4104865831983397
25.29295264 1.4104864334346785
25.32211115 1.410486283671017
25.35126966 1.4104861339073558
25.380428170000002 1.4104859841436943
25.40958668 1.410485834380033
25.43874519 1.4104856846163716
25.4679037 1.4104855348527103
25.49706221 1.4104853850890489
25.52622072 1.4104852353253876
25.55537923 1.4104850855617261
25.584537740000002 1.4104849357980649
25.61369625 1.4104847860344034
25.64285476 1.4104846362707422
25.67201327 1.4104844865070807
25.70117178 1.4104843367434194
25.73033029 1.410484186979758
25.7594888 1.4104840372160967
25.78864731 1.4104838874524352
25.81780582 1.410483737688774
25.84696433 1.4104835879251125
25.87612284 1.4104834381614513
25.90528135 1.4104832883977898
25.93443986 1.4104831386341286
25.96359837 1.410482988870467
25.99275688 1.4104828391068058
26.02191539 1.4104826893431444
26.0510739 1.410482539579483
26.08023241 1.4104823898158216
26.10939092 1.4104822400521604
26.13854943 1.410482090288499
26.16770794 1.4104819405248377
26.19686645 1.4104817907611762
26.22602496 1.410481640997515
26.25518347 1.4104814912338535
26.28434198 1.4104813414701922
26.31350049 1.4104811917065307
26.342659 1.4104810419428695
26.37181751 1.410480892179208
26.40097602 1.4104807424155468
26.43013453 1.4104805926518853
26.45929304 1.410480442888224
26.48845155 1.4104802931245626
26.51761006 1.4104801433609013
26.54676857 1.4104799935972399
26.57592708 1.4104798438335786
26.60508559 1.4104796940699171
26.6342441 1.4104795443062559
26.66340261 1.4104793945425944
26.69256112 1.4104792447789332
26.72171963 1.4104790950152717
26.75087814 1.4104789452516104
26.78003665 1.410478795487949
26.80919516 1.4104786457242877
26.83835367 1.4104784959606262
26.86751218 1.410478346196965
26.89667069 1.4104781964333035
26.9258292 1.4104780466696423
26.95498771 1.4104778969059808
26.98414622 1.4104777471423195
27.01330473 1.410477597378658
27.04246324 1.4104774476149968
27.07162175 1.4104772978513354
27.10078026 1.410477148087674
27.12993877 1.4104769983240126
27.15909728 1.4104768485603514
27.18825579 1.41047669879669
27.2174143 1.4104765490330287
27.24657281 1.4104763992693672
27.27573132 1.410476249505706
27.30488983 1.4104760997420445
27.33404834 1.4104759499783832
27.36320685 1.4104758002147217
27.39236536 1.4104756504510605
27.42152387 1.410475500687399
27.45068238 1.4104753509237378
27.47984089 1.4104752011600763
27.5089994 1.410475051396415
27.53815791 1.4104749016327536
27.56731642 1.4104747518690923
27.59647493 1.4104746021054309
27.62563344 1.4104744523417696
27.65479195 1.4104743025781081
27.68395046 1.4104741528144469
27.71310897 1.4104740030507854
27.74226748 1.4104738532871242
27.77142599 1.4104737035234627
27.8005845 1.4104735537598014
27.82974301 1.41047340399614
27.85890152 1.4104732542324787
27.88806003 1.4104731044688172
27.91721854 1.410472954705156
27.94637705 1.4104728049414945
27.97553556 1.4104726551778333
28.00469407 1.4104725054141718
28.03385258 1.4104723556505105
28.06301109 1.410472205886849
28.0921696 1.4104720561231878
28.12132811 1.4104719063595264
28.15048662 1.410471756595865
28.17964513 1.4104716068322036
28.20880364 1.4104714570685424
28.23796215 1.410471307304881
28.26712066 1.4104711575412197
28.296279170000002 1.4104710077775582
28.32543768 1.410470858013897
28.35459619 1.4104707082502355
28.3837547 1.4104705584865742
28.41291321 1.4104704087229127
28.44207172 1.4104702589592515
28.47123023 1.41047010919559
28.50038874 1.4104699594319288
28.52954725 1.4104698096682673
28.55870576 1.410469659904606
28.58786427 1.4104695101409446
28.61702278 1.4104693603772833
28.64618129 1.4104692106136218
28.6753398 1.4104690608499606
28.70449831 1.4104689110862991
28.73365682 1.4104687613226379
28.76281533 1.4104686115589764
28.79197384 1.4104684617953152
28.82113235 1.4104683120316537
28.85029086 1.4104681622679924
28.87944937 1.410468012504331
28.90860788 1.4104678627406697
28.93776639 1.4104677129770082
28.9669249 1.410467563213347
28.99608341 1.4104674134496855
29.02524192 1.4104672636860243
29.05440043 1.4104671139223628
29.08355894 1.4104669641587015
29.11271745 1.41046681439504
29.14187596 1.4104666646313788
29.17103447 1.4104665148677173
29.20019298 1.410466365104056
29.22935149 1.4104662153403946
29.25851 1.4104660655767334
29.28766851 1.410465915813072
29.31682702 1.4104657660494107
29.34598553 1.4104656162857492
29.37514404 1.410465466522088
29.40430255 1.4104653167584265
29.43346106 1.4104651669947652
29.46261957 1.4104650172311037
29.49177808 1.4104648674674425
29.52093659 1.410464717703781
29.5500951 1.4104645679401198
29.57925361 1.4104644181764583
29.60841212 1.4104642684127968
29.63757063 1.4104641186491356
29.66672914 1.410463968885474
29.69588765 1.4104638191218128
29.72504616 1.4104636693581514
29.75420467 1.4104635195944901
29.78336318 1.4104633698308287
29.81252169 1.4104632200671674
29.8416802 1.410463070303506
29.87083871 1.4104629205398447
29.89999722 1.4104627707761832
29.92915573 1.410462621012522
29.95831424 1.4104624712488605
29.98747275 1.4104623214851992
30.01663126 1.4104621717215378
30.04578977 1.4104620219578765
30.07494828 1.410461872194215
30.10410679 1.4104617224305538
30.1332653 1.4104615726668923
30.16242381 1.410461422903231
30.19158232 1.4104612731395696
30.22074083 1.4104611233759083
30.24989934 1.4104609736122469
30.27905785 1.4104608238485856
30.30821636 1.4104606740849241
30.33737487 1.410460524321263
30.36653338 1.4104603745576014
30.39569189 1.4104602247939402
30.4248504 1.4104600750302787
30.45400891 1.4104599252666175
30.48316742 1.410459775502956
30.51232593 1.4104596257392947
30.54148444 1.4104594759756333
30.57064295 1.410459326211972
30.59980146 1.4104591764483105
30.62895997 1.4104590266846493
30.65811848 1.4104588769209878
30.68727699 1.4104587271573266
30.7164355 1.410458577393665
30.74559401 1.4104584276300038
30.77475252 1.4104582778663424
30.80391103 1.4104581281026811
30.83306954 1.4104579783390196
30.86222805 1.4104578285753584
30.89138656 1.410457678811697
30.92054507 1.4104575290480357
30.94970358 1.4104573792843742
30.97886209 1.410457229520713
31.0080206 1.4104570797570515
31.03717911 1.4104569299933902
31.06633762 1.4104567802297288
31.09549613 1.4104566304660675
31.12465464 1.410456480702406
31.15381315 1.4104563309387448
31.18297166 1.4104561811750833
31.21213017 1.410456031411422
31.24128868 1.4104558816477606
31.27044719 1.4104557318840993
31.2996057 1.4104555821204379
31.32876421 1.4104554323567766
31.35792272 1.4104552825931151
31.38708123 1.410455132829454
31.416239739999998 1.4104549830657924
31.44539825 1.4104548333021312
31.47455676 1.4104546835384697
31.50371527 1.4104545337748084
31.53287378 1.410454384011147
31.56203229 1.4104542342474857
31.5911908 1.4104540844838243
31.620349309999998 1.410453934720163
31.64950782 1.4104537849565015
31.67866633 1.4104536351928403
31.70782484 1.4104534854291788
31.73698335 1.4104533356655176
31.76614186 1.410453185901856
31.79530037 1.4104530361381948
31.82445888 1.4104528863745334
31.85361739 1.4104527366108721
31.8827759 1.4104525868472106
31.91193441 1.4104524370835494
31.94109292 1.410452287319888
31.97025143 1.4104521375562267
31.99940994 1.4104519877925652
32.02856845 1.410451838028904
32.05772696 1.4104516882652425
32.08688547 1.4104515385015812
32.11604398 1.4104513887379198
32.14520249 1.4104512389742585
32.174361 1.410451089210597
32.20351951 1.4104509394469358
32.23267802 1.4104507896832743
32.26183653 1.410450639919613
32.29099504 1.4104504901559516
32.32015355 1.4104503403922903
32.34931206 1.4104501906286289
32.37847057 1.4104500408649676
32.40762908 1.4104498911013061
32.43678759 1.410449741337645
32.4659461 1.4104495915739834
32.49510461 1.4104494418103222
32.52426312 1.4104492920466607
32.55342163 1.4104491422829994
32.58258014 1.410448992519338
32.61173865 1.4104488427556767
32.64089716 1.4104486929920153
32.670055669999996 1.410448543228354
32.69921418 1.4104483934646925
32.72837269 1.4104482437010313
32.7575312 1.4104480939373698
32.78668971 1.4104479441737086
32.81584822 1.410447794410047
32.84500673 1.4104476446463858
32.874165239999996 1.4104474948827244
32.90332375 1.4104473451190631
32.93248226 1.4104471953554016
32.96164077 1.4104470455917404
32.99079928 1.410446895828079
33.01995779 1.4104467460644177
33.0491163 1.4104465963007562
33.078274809999996 1.410446446537095
33.10743332 1.4104462967734335
33.13659183 1.4104461470097722
33.16575034 1.4104459972461107
33.19490885 1.4104458474824495
33.22406736 1.410445697718788
33.25322587 1.4104455479551268
33.282384379999996 1.4104453981914653
33.31154289 1.410445248427804
33.3407014 1.4104450986641426
33.36985991 1.4104449489004813
33.39901842 1.4104447991368199
33.42817693 1.4104446493731586
33.45733544 1.4104444996094971
33.486493949999996 1.4104443498458359
33.51565246 1.4104442000821744
33.54481097 1.4104440503185132
33.57396948 1.4104439005548517
33.60312799 1.4104437507911904
33.6322865 1.410443601027529
33.66144501 1.4104434512638677
33.69060352 1.4104433015002062
33.71976203 1.410443151736545
33.74892054 1.4104430019728835
33.77807905 1.4104428522092223
33.80723756 1.4104427024455608
33.83639607 1.4104425526818996
33.86555458 1.410442402918238
33.89471309 1.4104422531545768
33.9238716 1.4104421033909154
33.95303011 1.410441953627254
33.98218862 1.4104418038635926
34.01134713 1.4104416540999314
34.04050564 1.41044150433627
34.06966415 1.4104413545726087
34.09882266 1.4104412048089472
34.12798117 1.410441055045286
34.15713968 1.4104409052816245
34.18629819 1.4104407555179632
34.2154567 1.4104406057543017
34.24461521 1.4104404559906403
34.27377372 1.410440306226979
34.30293223 1.4104401564633176
34.33209074 1.4104400066996563
34.36124925 1.4104398569359948
34.39040776 1.4104397071723336
34.41956627 1.410439557408672
34.44872478 1.4104394076450109
34.47788329 1.4104392578813494
34.5070418 1.4104391081176881
34.53620031 1.4104389583540267
34.56535882 1.4104388085903654
34.59451733 1.410438658826704
34.62367584 1.4104385090630427
34.65283435 1.4104383592993812
34.68199286 1.41043820953572
34.71115137 1.4104380597720585
34.74030988 1.4104379100083972
34.76946839 1.4104377602447358
34.7986269 1.4104376104810745
34.82778541 1.410437460717413
34.85694392 1.4104373109537518
34.88610243 1.4104371611900903
34.91526094 1.410437011426429
34.94441945 1.4104368616627676
34.97357796 1.4104367118991064
35.00273647 1.4104365621354449
35.03189498 1.4104364123717836
35.06105349 1.4104362626081222
35.090212 1.410436112844461
35.11937051 1.4104359630807994
35.14852902 1.4104358133171382
35.17768753 1.4104356635534767
35.20684604 1.4104355137898155
35.23600455 1.410435364026154
35.26516306 1.4104352142624927
35.29432157 1.4104350644988313
35.32348008 1.41043491473517
35.35263859 1.4104347649715085
35.3817971 1.4104346152078473
35.41095561 1.4104344654441858
35.44011412 1.4104343156805246
35.46927263 1.410434165916863
35.49843114 1.4104340161532019
35.52758965 1.4104338663895404
35.55674816 1.4104337166258791
35.58590667 1.4104335668622177
35.61506518 1.4104334170985564
35.64422369 1.410433267334895
35.6733822 1.4104331175712337
35.70254071 1.4104329678075722
35.73169922 1.410432818043911
35.76085773 1.4104326682802495
35.79001624 1.4104325185165882
35.81917475 1.4104323687529268
35.84833326 1.4104322189892655
35.87749177 1.410432069225604
35.90665028 1.4104319194619428
35.93580879 1.4104317696982813
35.9649673 1.41043161993462
35.99412581 1.4104314701709586
36.02328432 1.4104313204072974
36.05244283 1.4104311706436359
36.08160134 1.4104310208799746
36.11075985 1.4104308711163132
36.13991836 1.410430721352652
36.16907687 1.4104305715889904
36.19823538 1.4104304218253292
36.22739389 1.4104302720616677
36.2565524 1.4104301222980065
36.28571091 1.410429972534345
36.31486942 1.4104298227706837
36.34402793 1.4104296730070223
36.37318644 1.410429523243361
36.40234495 1.4104293734796995
36.43150346 1.4104292237160383
36.46066197 1.4104290739523768
36.48982048 1.4104289241887156
36.51897899 1.410428774425054
36.5481375 1.4104286246613928
36.57729601 1.4104284748977314
36.60645452 1.4104283251340701
36.63561303 1.4104281753704087
36.66477154 1.4104280256067474
36.69393005 1.410427875843086
36.72308856 1.4104277260794247
36.75224707 1.4104275763157632
36.78140558 1.410427426552102
36.81056409 1.4104272767884405
36.8397226 1.4104271270247792
36.86888111 1.4104269772611178
36.89803962 1.4104268274974565
36.92719813 1.410426677733795
36.95635664 1.4104265279701338
36.98551515 1.4104263782064723
37.01467366 1.410426228442811
37.04383217 1.4104260786791496
37.07299068 1.4104259289154883
37.10214919 1.4104257791518269
37.1313077 1.4104256293881656
37.16046621 1.4104254796245042
37.18962472 1.410425329860843
37.21878323 1.4104251800971814
37.24794174 1.4104250303335202
37.27710025 1.4104248805698587
37.30625876 1.4104247308061975
37.33541727 1.410424581042536
37.36457578 1.4104244312788747
37.39373429 1.4104242815152133
37.4228928 1.410424131751552
37.45205131 1.4104239819878905
37.48120982 1.4104238322242293
37.51036833 1.4104236824605678
37.53952684 1.4104235326969066
37.56868535 1.410423382933245
37.59784386 1.4104232331695838
37.62700237 1.4104230834059224
37.65616088 1.4104229336422611
37.68531939 1.4104227838785997
37.7144779 1.4104226341149384
37.74363641 1.410422484351277
37.77279492 1.4104223345876157
37.80195343 1.4104221848239542
37.83111194 1.410422035060293
37.86027045 1.4104218852966315
37.88942896 1.4104217355329702
37.91858747 1.4104215857693088
37.94774598 1.4104214360056475
37.97690449 1.410421286241986
38.006063 1.4104211364783248
38.03522151 1.4104209867146633
38.06438002 1.410420836951002
38.09353853 1.4104206871873406
38.12269704 1.4104205374236793
38.15185555 1.4104203876600179
38.18101406 1.4104202378963566
38.21017257 1.4104200881326951
38.23933108 1.410419938369034
38.26848959 1.4104197886053724
38.297648099999996 1.4104196388417112
38.32680661 1.4104194890780497
38.35596512 1.4104193393143885
38.38512363 1.410419189550727
38.41428214 1.4104190397870657
38.44344065 1.4104188900234043
38.47259916 1.410418740259743
38.501757669999996 1.4104185904960815
38.53091618 1.4104184407324203
38.56007469 1.4104182909687588
38.5892332 1.4104181412050976
38.61839171 1.410417991441436
38.64755022 1.4104178416777748
38.67670873 1.4104176919141134
38.705867239999996 1.4104175421504521
38.73502575 1.4104173923867906
38.76418426 1.4104172426231294
38.79334277 1.410417092859468
38.82250128 1.4104169430958067
38.85165979 1.4104167933321452
38.8808183 1.4104166435684837
38.909976809999996 1.4104164938048225
38.93913532 1.410416344041161
38.96829383 1.4104161942774998
38.99745234 1.4104160445138383
39.02661085 1.410415894750177
39.05576936 1.4104157449865156
39.08492787 1.4104155952228543
39.114086379999996 1.4104154454591928
39.14324489 1.4104152956955316
39.1724034 1.4104151459318701
39.20156191 1.4104149961682089
39.23072042 1.4104148464045474
39.25987893 1.4104146966408861
39.28903744 1.4104145468772247
39.318195949999996 1.4104143971135634
39.34735446 1.410414247349902
39.37651297 1.4104140975862407
39.40567148 1.4104139478225792
39.43482999 1.410413798058918
39.4639885 1.4104136482952565
39.49314701 1.4104134985315953
39.522305519999996 1.4104133487679338
39.55146403 1.4104131990042725
39.58062254 1.410413049240611
39.60978105 1.4104128994769498
39.63893956 1.4104127497132883
39.66809807 1.410412599949627
39.69725658 1.4104124501859656
39.726415089999996 1.4104123004223044
39.7555736 1.410412150658643
39.78473211 1.4104120008949816
39.81389062 1.4104118511313202
39.84304913 1.410411701367659
39.87220764 1.4104115516039974
39.90136615 1.4104114018403362
39.930524659999996 1.4104112520766747
39.95968317 1.4104111023130135
39.98884168 1.410410952549352
40.01800019 1.4104108027856908
40.0471587 1.4104106530220293
40.07631721 1.410410503258368
40.10547572 1.4104103534947066
40.134634229999996 1.4104102037310453
40.16379274 1.4104100539673838
40.19295125 1.4104099042037226
40.22210976 1.4104097544400611
40.25126827 1.4104096046763999
40.28042678 1.4104094549127384
40.30958529 1.4104093051490771
40.338743799999996 1.4104091553854157
40.36790231 1.4104090056217544
40.39706082 1.410408855858093
40.42621933 1.4104087060944317
40.45537784 1.4104085563307702
40.48453635 1.410408406567109
40.51369486 1.4104082568034475
40.542853369999996 1.4104081070397863
40.57201188 1.4104079572761248
40.60117039 1.4104078075124635
40.6303289 1.410407657748802
40.65948741 1.4104075079851408
40.68864592 1.4104073582214793
40.71780443 1.410407208457818
40.746962939999996 1.4104070586941566
40.77612145 1.4104069089304954
40.80527996 1.410406759166834
40.83443847 1.4104066094031726
40.86359698 1.4104064596395112
40.89275549 1.41040630987585
40.921914 1.4104061601121884
40.951072509999996 1.4104060103485272
40.98023102 1.4104058605848657
41.00938953 1.4104057108212045
41.03854804 1.410405561057543
41.06770655 1.4104054112938818
41.09686506 1.4104052615302203
41.12602357 1.410405111766559
41.155182079999996 1.4104049620028976
41.18434059 1.4104048122392363
41.2134991 1.4104046624755748
41.24265761 1.4104045127119136
41.27181612 1.410404362948252
41.30097463 1.4104042131845909
41.33013314 1.4104040634209294
41.35929165 1.4104039136572681
41.38845016 1.4104037638936067
41.41760867 1.4104036141299454
41.44676718 1.410403464366284
41.47592569 1.4104033146026227
41.5050842 1.4104031648389612
41.53424271 1.4104030150753
41.56340122 1.4104028653116385
41.59255973 1.4104027155479772
41.62171824 1.4104025657843158
41.65087675 1.4104024160206545
41.68003526 1.410402266256993
41.70919377 1.4104021164933318
41.73835228 1.4104019667296703
41.76751079 1.410401816966009
41.7966693 1.4104016672023476
41.82582781 1.4104015174386864
41.85498632 1.4104013676750249
41.88414483 1.4104012179113636
41.91330334 1.4104010681477022
41.94246185 1.410400918384041
41.97162036 1.4104007686203794
42.00077887 1.4104006188567182
42.02993738 1.4104004690930567
42.05909589 1.4104003193293955
42.0882544 1.410400169565734
42.11741291 1.4104000198020727
42.14657142 1.4103998700384113
42.17572993 1.41039972027475
42.20488844 1.4103995705110886
42.23404695 1.4103994207474273
42.26320546 1.4103992709837658
42.29236397 1.4103991212201046
42.32152248 1.410398971456443
42.35068099 1.4103988216927819
42.3798395 1.4103986719291204
42.40899801 1.4103985221654591
42.43815652 1.4103983724017977
42.46731503 1.4103982226381364
42.49647354 1.410398072874475
42.52563205 1.4103979231108137
42.55479056 1.4103977733471522
42.58394907 1.410397623583491
42.61310758 1.4103974738198295
42.64226609 1.4103973240561682
42.6714246 1.4103971742925068
42.70058311 1.4103970245288455
42.72974162 1.410396874765184
42.75890013 1.4103967250015228
42.78805864 1.4103965752378613
42.81721715 1.4103964254742
42.84637566 1.4103962757105386
42.87553417 1.4103961259468774
42.90469268 1.4103959761832159
42.93385119 1.4103958264195546
42.9630097 1.4103956766558932
42.99216821 1.410395526892232
43.02132672 1.4103953771285704
43.05048523 1.4103952273649092
43.07964374 1.4103950776012477
43.10880225 1.4103949278375865
43.13796076 1.410394778073925
43.16711927 1.4103946283102637
43.19627778 1.4103944785466023
43.22543629 1.410394328782941
43.2545948 1.4103941790192795
43.28375331 1.4103940292556183
43.31291182 1.4103938794919568
43.34207033 1.4103937297282956
43.37122884 1.410393579964634
43.40038735 1.4103934302009729
43.42954586 1.4103932804373114
43.45870437 1.4103931306736501
43.48786288 1.4103929809099887
43.51702139 1.4103928311463272
43.5461799 1.410392681382666
43.57533841 1.4103925316190045
43.60449692 1.4103923818553432
43.63365543 1.4103922320916817
43.66281394 1.4103920823280205
43.69197245 1.410391932564359
43.721130959999996 1.4103917828006978
43.75028947 1.4103916330370363
43.77944798 1.410391483273375
43.80860649 1.4103913335097136
43.837765 1.4103911837460523
43.86692351 1.4103910339823909
43.89608202 1.4103908842187296
43.925240529999996 1.4103907344550681
43.95439904 1.4103905846914069
43.98355755 1.4103904349277454
44.01271606 1.4103902851640842
44.04187457 1.4103901354004227
44.07103308 1.4103899856367614
44.10019159 1.4103898358731
44.129350099999996 1.4103896861094387
44.15850861 1.4103895363457772
44.18766712 1.410389386582116
44.21682563 1.4103892368184545
44.24598414 1.4103890870547933
44.27514265 1.4103889372911318
44.30430116 1.4103887875274705
44.333459669999996 1.410388637763809
44.36261818 1.4103884880001478
44.39177669 1.4103883382364863
44.4209352 1.410388188472825
44.45009371 1.4103880387091636
44.47925222 1.4103878889455024
44.50841073 1.410387739181841
44.537569239999996 1.4103875894181797
44.56672775 1.4103874396545182
44.59588626 1.410387289890857
44.62504477 1.4103871401271955
44.65420328 1.4103869903635342
44.68336179 1.4103868405998727
44.7125203 1.4103866908362115
44.741678809999996 1.41038654107255
44.77083732 1.4103863913088888
44.79999583 1.4103862415452273
44.82915434 1.410386091781566
44.85831285 1.4103859420179046
44.88747136 1.4103857922542433
44.91662987 1.4103856424905818
44.945788379999996 1.4103854927269206
44.97494689 1.4103853429632591
45.0041054 1.4103851931995979
45.03326391 1.4103850434359364
45.06242242 1.4103848936722752
45.09158093 1.4103847439086137
45.12073944 1.4103845941449524
45.149897949999996 1.410384444381291
45.17905646 1.4103842946176297
45.20821497 1.4103841448539682
45.23737348 1.410383995090307
45.26653199 1.4103838453266455
45.2956905 1.4103836955629843
45.32484901 1.4103835457993228
45.354007519999996 1.4103833960356615
45.38316603 1.410383246272
45.41232454 1.4103830965083388
45.44148305 1.4103829467446773
45.47064156 1.410382796981016
45.49980007 1.4103826472173546
45.52895858 1.4103824974536934
45.558117089999996 1.410382347690032
45.5872756 1.4103821979263707
45.61643411 1.4103820481627092
45.64559262 1.410381898399048
45.67475113 1.4103817486353865
45.70390964 1.4103815988717252
45.73306815 1.4103814491080637
45.762226659999996 1.4103812993444025
45.79138517 1.410381149580741
45.82054368 1.4103809998170798
45.84970219 1.4103808500534183
45.8788607 1.410380700289757
45.90801921 1.4103805505260956
45.93717772 1.4103804007624343
45.966336229999996 1.4103802509987728
45.99549474 1.4103801012351116
46.02465325 1.4103799514714501
46.05381176 1.4103798017077889
46.08297027 1.4103796519441274
46.11212878 1.4103795021804661
46.14128729 1.4103793524168047
46.170445799999996 1.4103792026531434
46.19960431 1.410379052889482
46.22876282 1.4103789031258207
46.25792133 1.4103787533621592
46.28707984 1.410378603598498
46.31623835 1.4103784538348365
46.34539686 1.4103783040711753
46.374555369999996 1.4103781543075138
46.40371388 1.4103780045438525
46.43287239 1.410377854780191
46.4620309 1.4103777050165298
46.49118941 1.4103775552528683
46.52034792 1.410377405489207
46.54950643 1.4103772557255456
46.578664939999996 1.4103771059618844
46.60782345 1.410376956198223
46.63698196 1.4103768064345616
46.66614047 1.4103766566709002
46.69529898 1.410376506907239
46.72445749 1.4103763571435775
46.753616 1.4103762073799162
46.782774509999996 1.4103760576162547
46.81193302 1.4103759078525935
46.84109153 1.410375758088932
46.87025004 1.4103756083252708
46.89940855 1.4103754585616093
46.92856706 1.410375308797948
46.95772557 1.4103751590342866
46.986884079999996 1.4103750092706253
47.01604259 1.4103748595069638
47.0452011 1.4103747097433026
47.07435961 1.4103745599796411
47.10351812 1.4103744102159799
47.13267663 1.4103742604523184
47.16183514 1.4103741106886571
47.190993649999996 1.4103739609249957
47.22015216 1.4103738111613344
47.24931067 1.410373661397673
47.27846918 1.4103735116340117
47.30762769 1.4103733618703502
47.3367862 1.410373212106689
47.36594471 1.4103730623430275
47.395103219999996 1.4103729125793663
47.42426173 1.4103727628157048
47.45342024 1.4103726130520435
47.48257875 1.410372463288382
47.51173726 1.4103723135247208
47.54089577 1.4103721637610593
47.57005428 1.410372013997398
47.599212789999996 1.4103718642337366
47.6283713 1.4103717144700754
47.65752981 1.410371564706414
47.68668832 1.4103714149427526
47.71584683 1.4103712651790912
47.74500534 1.41037111541543
47.77416385 1.4103709656517684
47.803322359999996 1.4103708158881072
47.83248087 1.4103706661244457
47.86163938 1.4103705163607845
47.89079789 1.410370366597123
47.9199564 1.4103702168334618
47.94911491 1.4103700670698003
47.97827342 1.410369917306139
48.007431929999996 1.4103697675424776
48.03659044 1.4103696177788163
48.06574895 1.4103694680151548
48.09490746 1.4103693182514936
48.12406597 1.4103691684878321
48.15322448 1.4103690187241706
48.18238299 1.4103688689605094
48.211541499999996 1.410368719196848
48.24070001 1.4103685694331867
48.26985852 1.4103684196695252
48.29901703 1.410368269905864
48.32817554 1.4103681201422025
48.35733405 1.4103679703785412
48.38649256 1.4103678206148798
48.415651069999996 1.4103676708512185
48.44480958 1.410367521087557
48.47396809 1.4103673713238958
48.5031266 1.4103672215602343
48.53228511 1.410367071796573
48.56144362 1.4103669220329116
48.59060213 1.4103667722692503
48.61976064 1.4103666225055889
48.64891915 1.4103664727419276
48.67807766 1.4103663229782661
48.70723617 1.410366173214605
48.73639468 1.4103660234509434
48.76555319 1.4103658736872822
48.7947117 1.4103657239236207
48.82387021 1.4103655741599594
48.85302872 1.410365424396298
48.88218723 1.4103652746326367
48.91134574 1.4103651248689753
48.94050425 1.410364975105314
48.96966276 1.4103648253416525
48.99882127 1.4103646755779913
49.02797978 1.4103645258143298
49.05713829 1.4103643760506686
49.0862968 1.410364226287007
49.11545531 1.4103640765233458
49.14461382 1.4103639267596844
49.17377233 1.410363776996023
49.20293084 1.4103636272323616
49.23208935 1.4103634774687004
49.26124786 1.410363327705039
49.29040637 1.4103631779413777
49.31956488 1.4103630281777162
49.348723389999996 1.410362878414055
49.3778819 1.4103627286503935
49.40704041 1.4103625788867322
49.43619892 1.4103624291230707
49.46535743 1.4103622793594095
49.49451594 1.410362129595748
49.52367445 1.4103619798320868
49.552832959999996 1.4103618300684253
49.58199147 1.410361680304764
49.61114998 1.4103615305411026
49.64030849 1.4103613807774413
49.669467 1.4103612310137799
49.69862551 1.4103610812501186
49.72778402 1.4103609314864571
49.756942529999996 1.4103607817227959
49.78610104 1.4103606319591344
49.81525955 1.4103604821954732
49.84441806 1.4103603324318117
49.87357657 1.4103601826681504
49.90273508 1.410360032904489
49.93189359 1.4103598831408277
49.961052099999996 1.4103597333771662
49.99021061 1.410359583613505
50.01936912 1.4103594338498435
50.04852763 1.4103592840861823
50.07768614 1.4103591343225208
50.10684465 1.4103589845588596
50.13600316 1.410358834795198
50.165161669999996 1.4103586850315368
50.19432018 1.4103585352678754
50.22347869 1.410358385504214
50.2526372 1.4103582357405526
50.28179571 1.4103580859768914
50.31095422 1.41035793621323
50.34011273 1.4103577864495687
50.369271239999996 1.4103576366859072
50.39842975 1.410357486922246
50.42758826 1.4103573371585845
50.45674677 1.4103571873949232
50.48590528 1.4103570376312617
50.51506379 1.4103568878676005
50.5442223 1.410356738103939
50.573380809999996 1.4103565883402778
50.60253932 1.4103564385766163
50.63169783 1.410356288812955
50.66085634 1.4103561390492936
50.69001485 1.4103559892856323
50.71917336 1.4103558395219709
50.74833187 1.4103556897583096
50.777490379999996 1.4103555399946481
50.80664889 1.4103553902309869
50.8358074 1.4103552404673254
50.86496591 1.4103550907036642
50.89412442 1.4103549409400027
50.92328293 1.4103547911763414
50.95244144 1.41035464141268
50.981599949999996 1.4103544916490187
51.01075846 1.4103543418853572
51.03991697 1.410354192121696
51.06907548 1.4103540423580345
51.09823399 1.4103538925943733
51.1273925 1.4103537428307118
51.15655101 1.4103535930670505
51.185709519999996 1.410353443303389
51.21486803 1.4103532935397278
51.24402654 1.4103531437760664
51.27318505 1.410352994012405
51.30234356 1.4103528442487436
51.33150207 1.4103526944850824
51.36066058 1.410352544721421
51.389819089999996 1.4103523949577597
51.4189776 1.4103522451940982
51.44813611 1.410352095430437
51.47729462 1.4103519456667755
51.50645313 1.4103517959031142
51.53561164 1.4103516461394527
51.56477015 1.4103514963757915
51.593928659999996 1.41035134661213
51.62308717 1.4103511968484688
51.65224568 1.4103510470848073
51.68140419 1.410350897321146
51.7105627 1.4103507475574846
51.73972121 1.4103505977938233
51.76887972 1.4103504480301619
51.798038229999996 1.4103502982665006
51.82719674 1.4103501485028391
51.85635525 1.4103499987391779
51.88551376 1.4103498489755164
51.91467227 1.4103496992118552
51.94383078 1.4103495494481937
51.97298929 1.4103493996845324
52.002147799999996 1.410349249920871
52.03130631 1.4103491001572097
52.06046482 1.4103489503935482
52.08962333 1.410348800629887
52.11878184 1.4103486508662255
52.14794035 1.4103485011025643
52.17709886 1.4103483513389028
52.206257369999996 1.4103482015752415
52.23541588 1.41034805181158
52.26457439 1.4103479020479188
52.2937329 1.4103477522842573
52.32289141 1.410347602520596
52.35204992 1.4103474527569346
52.38120843 1.4103473029932734
52.410366939999996 1.410347153229612
52.43952545 1.4103470034659507
52.46868396 1.4103468537022892
52.49784247 1.410346703938628
52.52700098 1.4103465541749665
52.55615949 1.4103464044113052
52.585318 1.4103462546476437
52.614476509999996 1.4103461048839825
52.64363502 1.410345955120321
52.67279353 1.4103458053566598
52.70195204 1.4103456555929983
52.73111055 1.410345505829337
52.76026906 1.4103453560656756
52.78942757 1.410345206302014
52.818586079999996 1.4103450565383528
52.84774459 1.4103449067746914
52.8769031 1.4103447570110301
52.90606161 1.4103446072473687
52.93522012 1.4103444574837074
52.96437863 1.410344307720046
52.99353714 1.4103441579563847
53.022695649999996 1.4103440081927232
53.05185416 1.410343858429062
53.08101267 1.4103437086654005
53.11017118 1.4103435589017392
53.13932969 1.4103434091380778
53.1684882 1.4103432593744165
53.19764671 1.410343109610755
53.226805219999996 1.4103429598470938
53.25596373 1.4103428100834323
53.28512224 1.410342660319771
53.31428075 1.4103425105561096
53.34343926 1.4103423607924483
53.37259777 1.4103422110287869
53.40175628 1.4103420612651256
53.430914789999996 1.4103419115014642
53.4600733 1.410341761737803
53.48923181 1.4103416119741414
53.51839032 1.4103414622104802
53.54754883 1.4103413124468187
53.57670734 1.4103411626831575
53.60586585 1.410341012919496
53.635024359999996 1.4103408631558347
53.66418287 1.4103407133921733
53.69334138 1.410340563628512
53.72249989 1.4103404138648505
53.7516584 1.4103402641011893
53.78081691 1.4103401143375278
53.80997542 1.4103399645738666
53.839133929999996 1.410339814810205
53.86829244 1.4103396650465438
53.89745095 1.4103395152828824
53.92660946 1.4103393655192211
53.95576797 1.4103392157555596
53.98492648 1.4103390659918984
54.01408499 1.410338916228237
54.043243499999996 1.4103387664645757
54.07240201 1.4103386167009142
54.10156052 1.410338466937253
54.13071903 1.4103383171735915
54.15987754 1.4103381674099302
54.18903605 1.4103380176462688
54.21819456 1.4103378678826075
54.247353069999996 1.410337718118946
54.27651158 1.4103375683552848
54.30567009 1.4103374185916233
54.3348286 1.410337268827962
54.36398711 1.4103371190643006
54.39314562 1.4103369693006393
54.42230413 1.4103368195369779
54.451462639999995 1.4103366697733166
54.48062115 1.4103365200096551
54.50977966 1.410336370245994
54.53893817 1.4103362204823324
54.56809668 1.4103360707186712
54.59725519 1.4103359209550097
54.6264137 1.4103357711913485
54.655572209999995 1.410335621427687
54.68473072 1.4103354716640257
54.71388923 1.4103353219003643
54.74304774 1.410335172136703
54.772206249999996 1.4103350223730415
54.80136476 1.4103348726093803
54.83052327 1.4103347228457188
54.859681779999995 1.4103345730820576
54.88884029 1.410334423318396
54.9179988 1.4103342735547348
54.94715731 1.4103341237910734
54.976315819999996 1.4103339740274121
55.00547433 1.4103338242637506
55.03463284 1.4103336745000894
55.063791349999995 1.410333524736428
55.09294986 1.4103333749727667
55.12210837 1.4103332252091052
55.15126688 1.410333075445444
55.180425389999996 1.4103329256817825
55.2095839 1.4103327759181212
55.23874241 1.4103326261544598
55.267900919999995 1.4103324763907985
55.29705943 1.410332326627137
55.32621794 1.4103321768634758
55.35537645 1.4103320270998143
55.384534959999996 1.410331877336153
55.41369347 1.4103317275724916
55.44285198 1.4103315778088303
55.472010489999995 1.4103314280451689
55.501169 1.4103312782815076
55.53032751 1.4103311285178461
55.55948602 1.410330978754185
55.588644529999996 1.4103308289905234
55.61780304 1.4103306792268622
55.64696155 1.4103305294632007
55.676120059999995 1.4103303796995394
55.70527857 1.410330229935878
55.73443708 1.4103300801722167
55.76359559 1.4103299304085553
55.792754099999996 1.410329780644894
55.82191261 1.4103296308812325
55.85107112 1.4103294811175713
55.880229629999995 1.4103293313539098
55.90938814 1.4103291815902486
55.93854665 1.410329031826587
55.96770516 1.4103288820629258
55.996863669999996 1.4103287322992644
56.02602218 1.4103285825356031
56.05518069 1.4103284327719416
56.084339199999995 1.4103282830082804
56.11349771 1.410328133244619
56.14265622 1.4103279834809577
56.17181473 1.4103278337172962
56.200973239999996 1.410327683953635
56.23013175 1.4103275341899735
56.25929026 1.4103273844263122
56.28844877 1.4103272346626508
56.31760728 1.4103270848989895
56.34676579 1.410326935135328
56.3759243 1.4103267853716668
56.405082809999996 1.4103266356080053
56.43424132 1.410326485844344
56.46339983 1.4103263360806826
56.49255834 1.4103261863170213
56.52171685 1.4103260365533599
56.55087536 1.4103258867896986
56.58003387 1.4103257370260371
56.609192379999996 1.410325587262376
56.63835089 1.4103254374987144
56.6675094 1.4103252877350532
56.69666791 1.4103251379713917
56.72582642 1.4103249882077304
56.75498493 1.410324838444069
56.78414344 1.4103246886804077
56.813301949999996 1.4103245389167463
56.84246046 1.410324389153085
56.87161897 1.4103242393894235
56.90077748 1.4103240896257623
56.92993599 1.4103239398621008
56.9590945 1.4103237900984396
56.98825301 1.410323640334778
57.017411519999996 1.4103234905711168
57.04657003 1.4103233408074554
57.07572854 1.410323191043794
57.10488705 1.4103230412801326
57.13404556 1.4103228915164714
57.16320407 1.41032274175281
57.19236258 1.4103225919891487
57.221521089999996 1.4103224422254872
57.2506796 1.410322292461826
57.27983811 1.4103221426981645
57.30899662 1.4103219929345032
57.33815513 1.4103218431708417
57.36731364 1.4103216934071805
57.39647215 1.410321543643519
57.425630659999996 1.4103213938798578
57.45478917 1.4103212441161963
57.48394768 1.4103210943525348
57.51310619 1.4103209445888736
57.5422647 1.410320794825212
57.57142321 1.4103206450615509
57.60058172 1.4103204952978894
57.629740229999996 1.4103203455342281
57.65889874 1.4103201957705667
57.68805725 1.4103200460069054
57.71721576 1.410319896243244
57.74637427 1.4103197464795827
57.77553278 1.4103195967159212
57.80469129 1.41031944695226
57.833849799999996 1.4103192971885985
57.86300831 1.4103191474249372
57.89216682 1.4103189976612758
57.92132533 1.4103188478976145
57.95048384 1.410318698133953
57.97964235 1.4103185483702918
58.00880086 1.4103183986066303
58.037959369999996 1.410318248842969
58.06711788 1.4103180990793076
58.09627639 1.4103179493156464
58.1254349 1.4103177995519849
58.15459341 1.4103176497883236
58.18375192 1.4103175000246622
58.21291043 1.410317350261001
58.242068939999996 1.4103172004973394
58.27122745 1.4103170507336782
58.30038596 1.4103169009700167
58.32954447 1.4103167512063555
58.35870298 1.410316601442694
58.38786149 1.4103164516790327
58.41702 1.4103163019153713
58.446178509999996 1.41031615215171
58.47533702 1.4103160023880486
58.50449553 1.4103158526243873
58.53365404 1.4103157028607258
58.56281255 1.4103155530970646
58.59197106 1.410315403333403
58.62112957 1.4103152535697419
58.650288079999996 1.4103151038060804
58.67944659 1.4103149540424191
58.7086051 1.4103148042787577
58.73776361 1.4103146545150964
58.76692212 1.410314504751435
58.79608063 1.4103143549877737
58.82523914 1.4103142052241122
58.854397649999996 1.410314055460451
58.88355616 1.4103139056967895
58.91271467 1.4103137559331282
58.94187318 1.4103136061694668
58.97103169 1.4103134564058055
59.0001902 1.410313306642144
59.02934871 1.4103131568784828
59.058507219999996 1.4103130071148213
59.08766573 1.41031285735116
59.11682424 1.4103127075874986
59.14598275 1.4103125578238374
59.17514126 1.4103124080601759
59.20429977 1.4103122582965146
59.23345828 1.4103121085328532
59.262616789999996 1.410311958769192
59.2917753 1.4103118090055304
59.32093381 1.4103116592418692
59.35009232 1.4103115094782077
59.37925083 1.4103113597145465
59.40840934 1.410311209950885
59.43756785 1.4103110601872237
59.466726359999996 1.4103109104235623
59.49588487 1.410310760659901
59.52504338 1.4103106108962395
59.55420189 1.4103104611325783
59.5833604 1.4103103113689168
59.61251891 1.4103101616052556
59.64167742 1.410310011841594
59.670835929999996 1.4103098620779329
59.69999444 1.4103097123142714
59.72915295 1.4103095625506101
59.75831146 1.4103094127869487
59.78746997 1.4103092630232874
