0.1 0.5362977575529937
0.12915851 0.5558046985207223
0.15831702 0.5777478456455891
0.18747553000000003 0.5998883813345173
0.21663404000000003 0.6245131315715655
0.24579255000000003 0.6511240075097515
0.27495106 0.6775906836319233
0.30410957000000005 0.7039098591369535
0.3332680800000001 0.7316048555135903
0.36242659000000005 0.7604503437262569
0.3915851 0.788908564583974
0.4207436100000001 0.8196531580943287
0.44990212000000007 0.8484521625112248
0.4790606300000001 0.8792203335300771
0.5082191400000001 0.9080429676986488
0.5373776500000002 0.939243145192134
0.5665361600000001 0.9692345507945862
0.5956946700000002 0.9987259095136625
0.62485318 1.029805133760349
0.6540116900000001 1.060630054789197
0.6831702000000001 1.091712020591642
0.7123287100000001 1.1205410403248839
0.7414872200000002 1.1513317206955307
0.7706457300000001 1.1822429138732693
0.7998042400000002 1.2127396916852227
0.8289627500000001 1.2418825578700525
0.8581212600000002 1.2720741725703983
0.88727977 1.3017565073450996
0.9164382800000002 1.3315265051070815
0.9455967900000003 1.3598511941775926
0.9747553000000002 1.3905177593128517
1.0039138100000002 1.4194250982927463
1.03307232 1.4480509290279426
1.0622308300000003 1.4746423221220695
1.09138934 1.5035541771543757
1.1205478500000003 1.53163383905751
1.1497063600000001 1.5577486407673915
1.1788648700000002 1.5855172158385178
1.2080233800000002 1.6131816419472529
1.2371818900000002 1.6377195757683032
1.2663404 1.6637698658127997
1.2954989100000003 1.6903335611705794
1.3246574200000003 1.714631096245673
1.3538159300000001 1.7389057701147361
1.3829744400000004 1.7632542256798647
1.4121329500000002 1.7867670773785016
1.4412914600000002 1.8096709955027286
1.4704499700000002 1.8329376371926414
1.4996084800000002 1.855089281274192
1.5287669900000003 1.875271385053141
1.5579255000000003 1.8970893524844632
1.5870840100000003 1.9171163913376996
1.6162425200000001 1.9369692187623029
1.6454010300000004 1.956865376524338
1.6745595400000002 1.97627694351293
1.7037180500000002 1.9937018726365572
1.7328765600000005 2.0115805135033225
1.7620350700000003 2.027769100885532
1.7911935800000005 2.044780395623282
1.8203520900000003 2.060843004758803
1.8495106000000003 2.0757378478629853
1.8786691100000004 2.0906350802318614
1.9078276200000004 2.104425622892345
1.9369861300000002 2.118075540343069
1.9661446400000004 2.130714140796067
1.9953031500000005 2.1430430753142127
2.0244616600000005 2.154613020139103
2.0536201700000003 2.1655508386366393
2.08277868 2.1760750524563734
2.1119371900000004 2.1856613128771896
2.1410957000000006 2.195063416866568
2.1702542100000004 2.203380141794856
2.19941272 2.2116323103104008
2.2285712300000005 2.219154774339137
2.2577297400000007 2.2257045382984177
2.2868882500000005 2.2322123951281143
2.3160467600000003 2.2376933856418395
2.3452052700000006 2.2426438267109305
2.3743637800000004 2.247200746127796
2.40352229 2.2516738994910783
2.4326808000000004 2.2550820232792788
2.4618393100000007 2.258367422622769
2.4909978200000005 2.2605502704389213
2.5201563300000003 2.2626754584046243
2.5493148400000005 2.2643007858432385
2.5784733500000003 2.2657862209636845
2.6076318600000006 2.26661157799581
2.6367903700000004 2.266779313264229
2.6659488800000006 2.266797725651428
2.6951073900000004 2.266371466443262
2.7242659000000002 2.2653045672262144
2.7534244100000005 2.264202662057663
2.7825829200000007 2.263053885323504
2.8117414300000005 2.261259244866832
2.8408999400000003 2.2590084611879773
2.8700584500000006 2.256839596040911
2.8992169600000004 2.2543980398065706
2.92837547 2.2511865801715163
2.957533980000001 2.248326693257182
2.9866924900000007 2.2451060074952007
3.0158510000000005 2.241797868282582
3.0450095100000003 2.237940026927724
3.0741680200000006 2.234054062181137
3.103326530000001 2.230495081658815
3.1324850400000006 2.2271375362979797
3.161643550000001 2.2221435746435785
3.1908020600000007 2.218160218968807
3.2199605700000005 2.213947119357483
3.2491190800000003 2.2095116346600343
3.278277590000001 2.205101357449812
3.3074361000000008 2.200688673819365
3.3365946100000006 2.196276321072943
3.365753120000001 2.1918612737321257
3.3949116300000006 2.1874733984019548
3.4240701400000004 2.1828478697860554
3.4532286500000007 2.1780840921420013
3.482387160000001 2.17371830796995
3.5115456700000007 2.1692983444647025
3.5407041800000005 2.164894618147703
3.5698626900000003 2.1604548915789095
3.599021200000001 2.156570097754258
3.628179710000001 2.152137908810511
3.6573382200000006 2.1478298343408557
3.686496730000001 2.143856706894013
3.7156552400000007 2.1395790438175264
3.7448137500000005 2.1357753645851028
3.7739722600000007 2.1319070212396256
3.803130770000001 2.128045237055301
3.832289280000001 2.124192023068398
3.8614477900000006 2.1203085796371974
3.890606300000001 2.116974202250428
3.9197648100000007 2.1131413753879844
3.948923320000001 2.1098749999429773
3.9780818300000007 2.106555871058284
4.007240340000001 2.103247260209244
4.036398850000001 2.099945301689026
4.065557360000001 2.0965864131031933
4.094715870000001 2.0936770498442367
4.123874380000001 2.090975327245465
4.15303289 2.0876945910755227
4.182191400000001 2.084928534437559
4.211349910000001 2.082155431343498
4.240508420000001 2.0795212127398814
4.269666930000001 2.077174589036935
4.298825440000001 2.074622895500428
4.327983950000001 2.072129684163683
4.357142460000002 2.069693179442935
4.3863009700000015 2.0675124019767814
4.415459480000002 2.0653096313758557
4.444617990000001 2.0630935166825064
4.473776500000001 2.061415239270251
4.502935010000001 2.0591698696684477
4.532093520000001 2.0570798308827776
4.561252030000002 2.055507619989514
4.5904105400000015 2.053569146897542
4.619569050000002 2.051628266079498
4.648727560000001 2.050007515871769
4.677886070000001 2.0483574110145075
4.707044580000002 2.046670959887493
4.736203090000001 2.045542437881691
4.765361600000001 2.043876281854872
4.7945201100000014 2.0423138004387837
4.823678620000002 2.0411096387114553
4.852837130000002 2.039578172501973
4.881995640000001 2.0385254360451777
4.9111541500000016 2.0374731151970584
4.940312660000001 2.0359356489251015
4.969471170000001 2.034703247421568
4.998629680000001 2.0336170300662655
5.027788190000002 2.032516574889731
5.056946700000002 2.0319368846701376
5.086105210000001 2.0307986666094324
5.1152637200000015 2.0296780763591453
5.144422230000001 2.0287996698609527
5.173580740000001 2.028042158587724
5.202739250000002 2.0268337853894414
5.231897760000002 2.026191902496284
5.261056270000002 2.025161113310528
5.290214780000001 2.02457558237793
5.3193732900000015 2.0238136003008647
5.348531800000001 2.0230989540372533
5.377690310000001 2.0223900302733937
5.406848820000002 2.02173026007337
5.436007330000002 2.0210922596022893
5.465165840000002 2.020458699285852
5.494324350000001 2.019822274824234
5.523482860000001 2.0192594392912384
5.552641370000002 2.0187089801729696
5.581799880000001 2.0181575500296445
5.610958390000002 2.017607556250023
5.6401169000000015 2.017113290551195
5.669275410000002 2.0166144787692866
5.698433920000002 2.016133898744174
5.727592430000001 2.0156975981714056
5.756750940000002 2.015256410987787
5.785909450000001 2.0148101250381165
5.815067960000002 2.0144109573650053
5.8442264700000015 2.0140261085248627
5.873384980000002 2.013640086293019
5.902543490000002 2.013256712564325
5.931702000000001 2.0129208645989713
5.960860510000002 2.01254097283203
5.990019020000001 2.012216662553855
6.019177530000002 2.0118798473152335
6.048336040000002 2.0115854153255945
6.077494550000002 2.0112702934107074
6.106653060000002 2.0109801405338907
6.135811570000001 2.010705699093161
6.164970080000002 2.0104298752205043
6.194128590000001 2.010157694776064
6.223287100000002 2.0099315101401096
6.252445610000002 2.0096627908697826
6.281604120000002 2.0094482770380675
6.310762630000002 2.0092266306194664
6.339921140000001 2.009006175920658
6.3690796500000015 2.0087853553792447
6.398238160000002 2.008565577802913
6.427396670000002 2.00834212970553
6.456555180000002 2.008174213789366
6.485713690000002 2.00795619775759
6.514872200000002 2.007794605329327
6.544030710000002 2.0076281857087688
6.5731892200000015 2.007462891371098
6.602347730000002 2.007297419435785
6.631506240000002 2.0071317783930933
6.660664750000002 2.00696728836879
6.689823260000002 2.0067973534769634
6.718981770000002 2.0066836479321895
6.748140280000002 2.0065197076658943
6.7772987900000015 2.006358944585437
6.806457300000002 2.006253906045146
6.835615810000001 2.0061258457074707
6.864774320000002 2.0059761175286326
6.8939328300000025 2.005871200292516
6.923091340000002 2.005760184873653
6.952249850000002 2.005649953876855
6.981408360000001 2.0055396312686637
7.010566870000002 2.005429319219471
7.039725380000001 2.0053190077468495
7.068883890000002 2.00520866150332
7.098042400000002 2.0050987047398543
7.127200910000002 2.00498515400362
7.156359420000002 2.004901452836653
7.185517930000001 2.0048159888233283
7.214676440000002 2.0047428016203366
7.243834950000002 2.004649057856475
7.272993460000002 2.004534056339746
7.302151970000002 2.0044752327031636
7.331310480000002 2.0044174077312573
7.360468990000002 2.0043118061741865
7.389627500000002 2.004253077914994
7.418786010000002 2.0041619600298075
7.447944520000002 2.0040930500650505
7.477103030000002 2.004020461748987
7.506261540000002 2.0039525162191474
7.535420050000002 2.0038866182069057
7.564578560000002 2.003820078794688
7.593737070000002 2.0037591592278137
7.622895580000002 2.0036931576310755
7.652054090000002 2.003633686062774
7.681212600000002 2.003577457868656
7.710371110000002 2.003517944120187
7.7395296200000026 2.0034639617388503
7.768688130000002 2.0034044195958693
7.797846640000002 2.003351761022775
7.8270051500000015 2.003297693848816
7.856163660000002 2.003247299864072
7.885322170000003 2.003197704206395
7.914480680000002 2.003147989607822
7.9436391900000025 2.0030993190300443
7.972797700000002 2.0030540956102443
8.001956210000001 2.0030057938866475
8.031114720000001 2.002962227300009
8.060273230000002 2.002918130061786
8.089431740000002 2.002873426043936
8.118590250000002 2.0028342730868687
8.147748760000002 2.0027905717818655
8.176907270000003 2.0027517883911257
8.206065780000001 2.0027131484567113
8.235224290000001 2.0026745470809266
8.264382800000002 2.0026359754347927
8.293541310000002 2.0025970229993817
8.322699820000002 2.0025610884716234
8.351858330000002 2.0025289467489777
8.381016840000003 2.002491247037891
8.410175350000003 2.002457112223931
8.439333860000001 2.0024241075698708
8.468492370000002 2.0023910164094736
8.49765088 2.0023578094025805
8.526809390000002 2.002325931452813
8.555967900000002 2.0022969603828544
8.58512641 2.0022659147321407
8.614284920000003 2.0022354973444734
8.643443430000001 2.0022054837441368
8.672601940000002 2.002178805102109
8.701760450000002 2.002145790908481
8.730918960000002 2.002123031016494
8.760077470000002 2.0020954762352754
8.78923598 2.002067951589516
8.818394490000001 2.0020403954153956
8.847553000000001 2.002012474370984
8.876711510000002 2.0019877053209654
8.90587002 2.0019625374246033
8.93502853 2.0019382217034978
8.96418704 2.0019169184646763
8.99334555 2.0018897392848234
9.022504060000003 2.001867341126919
9.051662570000001 2.0018452586282467
9.080821080000002 2.0018233736186852
9.109979590000002 2.001799637379825
9.139138100000002 2.001775475009574
9.168296610000002 2.001757516058143
9.19745512 2.0017348889496023
9.226613630000001 2.001712994110851
9.255772140000001 2.0016904432546254
9.284930650000002 2.0016735136491746
9.314089160000002 2.001651699027888
9.34324767 2.0016300153901114
9.37240618 2.001613946135772
9.40156469 2.0015957204388983
9.430723200000001 2.0015754847293183
9.459881710000003 2.0015564227481257
9.489040220000001 2.0015372574955634
9.518198730000002 2.001520931864596
9.547357240000002 2.001504798766724
9.576515750000002 2.0014830750584123
9.605674260000002 2.001466356476664
9.634832770000001 2.001449779943436
9.663991280000001 2.0014332457752344
9.693149790000001 2.0014166873245927
9.722308300000002 2.0014002123332704
9.75146681 2.001383119693863
9.78062532 2.0013705524972214
9.80978383 2.0013556634021956
9.838942340000001 2.0013390076106408
9.868100850000003 2.0013223095706874
9.897259360000003 2.001311049330865
9.926417870000002 2.001294160824361
9.955576380000002 2.0012789043672425
9.984734890000002 2.001266464570922
10.013893400000002 2.001251981070863
10.04305191 2.001237995876725
10.072210420000001 2.001225263752767
10.101368930000001 2.001209755579196
10.130527440000002 2.0011981319432914
10.159685950000002 2.0011819380534477
10.18884446 2.001170928849743
10.21800297 2.0011591182644235
10.24716148 2.0011432788710417
10.276319990000003 2.0011328420446857
10.305478500000003 2.0011216296897523
10.334637010000002 2.0011111907429218
10.363795520000002 2.0010959272391515
10.392954030000002 2.001083483592449
10.422112540000002 2.0010725939022294
10.451271050000003 2.0010615524531032
10.480429560000001 2.001050520712779
10.509588070000001 2.001039489864426
10.538746580000002 2.0010284583267226
10.567905090000002 2.001017427188466
10.597063600000002 2.0010063953558146
10.62622211 2.0009953627996517
10.65538062 2.0009843295199863
10.684539130000003 2.000973295516809
10.713697640000003 2.0009622607901094
10.742856150000003 2.000951225339911
10.772014660000002 2.0009401891662217
10.801173170000002 2.0009291522690265
10.830331680000002 2.000918114648334
10.859490190000002 2.0009070763040646
10.888648700000001 2.0008960372363465
10.917807210000001 2.0008849974450738
10.946965720000001 2.000873956930374
10.976124230000002 2.000862915692098
11.005282740000002 2.0008518737303875
11.03444125 2.000840831045079
11.06359976 2.0008297876362438
11.092758270000003 2.0008187435040172
11.121916780000003 2.000807698648371
11.151075290000003 2.000796653068828
11.180233800000002 2.000785606766257
11.209392310000002 2.0007745597396824
11.238550820000002 2.0007635119899003
11.267709330000002 2.000752463516635
11.296867840000003 2.0007414143198705
11.326026350000001 2.0007303643994607
11.355184860000001 2.000719313755487
11.384343370000002 2.000708262388272
11.413501880000002 2.000697210297202
11.442660390000002 2.0006861574827273
11.4718189 2.00067510394479
11.50097741 2.0006640496841928
11.530135920000003 2.0006529946985903
11.559294430000003 2.0006419389907335
11.588452940000003 2.000630882558604
11.617611450000002 2.000619825403223
11.646769960000002 2.0006087675243767
11.675928470000002 2.000597708921786
11.705086980000003 2.0005866495954527
11.734245490000001 2.0005755895461075
11.763404000000001 2.000564528773197
11.792562510000002 2.000553467277096
11.821721020000002 2.0005424050566996
11.850879530000002 2.0005313421131623
11.88003804 2.0005202784459613
11.90919655 2.000509214055441
11.938355060000003 2.000498148941208
11.967513570000003 2.0004870831046153
11.996672080000003 2.00047601654335
12.025830590000002 2.000464949258411
12.054989100000002 2.0004538812501145
12.084147610000002 2.000442812519558
12.113306120000003 2.000431743063774
12.142464630000003 2.000420672885325
12.171623140000001 2.000409601983419
12.200781650000001 2.0003985303579883
12.229940160000002 2.0003874580095053
12.259098670000002 2.0003763849366374
12.288257180000002 2.0003653111402127
12.31741569 2.0003542366208173
12.346574200000003 2.000343161377815
12.375732710000003 2.0003320854100735
12.404891220000003 2.000321008722314
12.434049730000003 2.00030993130759
12.463208240000002 2.0002988531700696
12.492366750000002 2.000287774309273
12.521525260000002 2.00027669472654
12.550683770000003 2.000265614417851
12.579842280000001 2.0002545333853576
12.609000790000001 2.000243451630596
12.638159300000002 2.0002323691538
12.667317810000002 2.0002212859484176
12.696476320000002 2.000210202026408
12.72563483 2.000199117376773
12.754793340000003 2.0001880320068417
12.783951850000003 2.0001769459092937
12.813110360000003 2.0001658590914717
12.842268870000003 2.0001547715468924
12.871427380000002 2.0001436832820874
12.900585890000002 2.0001325942904766
12.929744400000002 2.00012150457778
12.958902910000003 2.0001104141418655
12.988061420000003 2.0000993229812773
13.017219930000001 2.0000882310983306
13.046378440000002 2.0000771384916693
13.075536950000002 2.0000660451598726
13.104695460000002 2.0000549511044103
13.133853970000002 2.0000438563264904
13.163012480000003 2.0000327608249555
13.192170990000003 2.0000216646009132
13.221329500000003 2.000010567651486
13.250488010000003 1.9999994699813224
13.279646520000004 1.999988371584003
13.308805030000002 1.999977272469536
13.337963540000002 1.9999661726243256
13.367122050000003 1.9999550720582777
13.396280560000003 1.999943970768814
13.425439070000001 1.9999328687566449
13.454597580000001 1.999921766022927
13.483756090000002 1.999910662560997
13.512914600000002 1.9998995583739299
13.542073110000002 1.9998884534713353
13.57123162 1.9998773478345577
13.600390130000003 1.9998662414840214
13.629548640000003 1.9998551344048088
13.658707150000003 1.9998440266045123
13.687865660000003 1.9998329180792274
13.717024170000002 1.9998218088328077
13.746182680000002 1.999810698863269
13.775341190000002 1.9997995881725465
13.804499700000003 1.9997884767496599
13.833658210000003 1.9997773646037191
13.862816720000001 1.999766251743854
13.891975230000002 1.9997551381527794
13.921133740000002 1.9997440238422155
13.950292250000002 1.9997329088068874
13.979450760000002 1.999721793046563
14.008609270000003 1.999710676561524
14.037767780000003 1.9996995593532583
14.066926290000003 1.9996884414239657
14.096084800000003 1.9996773227713969
14.125243310000004 1.9996662033942116
14.154401820000002 1.9996550832973403
14.183560330000002 1.9996439624631683
14.212718840000003 1.999632840920174
14.241877350000003 1.9996217186417489
14.271035860000001 1.9996105956544505
14.300194370000002 1.9995994719390477
14.329352880000002 1.999588347492895
14.358511390000002 1.999577222336876
14.387669900000002 1.999566096442782
14.416828410000003 1.9995549698279567
14.445986920000003 1.9995438424931966
14.475145430000003 1.9995327144377566
14.504303940000003 1.9995215856514175
14.533462450000004 1.9995104561408092
14.562620960000002 1.9994993259174425
14.591779470000002 1.9994881949662189
14.620937980000003 1.9994770632839969
14.650096490000003 1.999465930884881
14.679255000000003 1.999454797765632
14.708413510000002 1.9994436639040727
14.737572020000002 1.9994325293405188
14.766730530000002 1.9994213940565344
14.795889040000002 1.9994102580341262
14.825047550000004 1.9993991212876976
14.854206060000003 1.999387983820986
14.883364570000003 1.9993768456375793
14.912523080000003 1.9993657067265644
14.941681590000004 1.9993545670843524
14.970840100000004 1.9993434267326715
14.999998610000002 1.9993322856462066
15.029157120000002 1.9993211438199645
15.058315630000003 1.999310001253944
15.087474140000003 1.9992988579481477
15.116632650000001 1.999287713902575
15.145791160000002 1.999276569117221
15.174949670000002 1.9992654235920995
15.204108180000002 1.9992542773271822
15.233266690000002 1.999243130322526
15.262425200000003 1.9992319825780385
15.291583710000003 1.9992208340938333
15.320742220000003 1.999209684869811
15.349900730000003 1.9991985349060144
15.379059240000004 1.9991873842024859
15.408217750000002 1.9991762327590834
15.437376260000002 1.999165080575949
15.466534770000003 1.9991539276531967
15.495693280000003 1.9991427739904566
15.524851790000003 1.999131619588013
15.554010300000002 1.9991204644457525
15.583168810000002 1.9991093085637317
15.612327320000002 1.9990981519419506
15.641485830000002 1.999086994580523
15.670644340000004 1.9990758364790508
15.699802850000003 1.9990646776378753
15.728961360000003 1.9990535180570532
15.758119870000003 1.9990423577365846
15.787278380000004 1.9990311966761283
15.816436890000004 1.9990200348755707
15.845595400000002 1.9990088723358213
15.874753910000003 1.9989977090559705
15.903912420000003 1.998986545036587
15.933070930000003 1.9989753802772157
15.962229440000002 1.9989642147781979
15.991387950000002 1.9989530485390787
16.020546460000002 1.9989418815605404
16.04970497 1.9989307138419008
16.078863480000003 1.9989195453836146
16.108021990000005 1.9989083761859092
16.137180500000003 1.99889720624833
16.166339010000005 1.9988860355704219
16.195497520000004 1.9988748641530947
16.224656030000002 1.998863691996121
16.253814540000004 1.9988525190995006
16.282973050000003 1.998841345462779
16.312131560000005 1.9988301710861833
16.341290070000003 1.9988189959699412
16.37044858 1.998807820113143
16.399607090000003 1.9987966435182898
16.428765600000002 1.9987854661826532
16.45792411 1.9987742881075974
16.487082620000002 1.9987631092917582
16.516241130000004 1.998751929737864
16.545399640000003 1.998740749443641
16.574558150000005 1.9987295684077253
16.603716660000003 1.998718386634664
16.632875170000002 1.9987072041199099
16.662033680000004 1.9986960208661912
16.691192190000002 1.9986848368730534
16.720350700000004 1.998673652139587
16.749509210000003 1.9986624666662465
16.77866772 1.9986512804543963
16.807826230000003 1.9986400935008533
16.836984740000002 1.9986289058092552
16.866143250000004 1.9986177173759643
16.895301760000002 1.9986065282046184
16.924460270000004 1.9985953382929438
16.953618780000003 1.9985841476409405
16.982777290000005 1.998572956249518
17.011935800000003 1.9985617641195859
17.041094310000002 1.9985505712484155
17.070252820000004 1.998539377637826
17.099411330000002 1.9985281832859982
17.128569840000008 1.9985169881974798
17.157728350000006 1.9985057923668137
17.186886860000005 1.9984945957985474
17.216045370000007 1.998483398487224
17.245203880000005 1.9984722004383002
17.274362390000007 1.9984610016490478
17.303520900000006 1.9984498021212858
17.332679410000004 1.998438601851376
17.361837920000006 1.9984274008429566
17.390996430000005 1.9984161990942084
17.420154940000007 1.99840499660786
17.449313450000005 1.998393793379364
17.478471960000004 1.9983825894123584
17.507630470000006 1.998371384705024
17.536788980000004 1.9983601792573609
17.565947490000006 1.9983489730720976
17.595106000000005 1.9983377661437771
17.624264510000003 1.998326558478766
17.653423020000005 1.998315350071607
17.682581530000004 1.9983041409259386
17.711740040000006 1.9982929310417603
17.740898550000004 1.998281720414525
17.770057060000003 1.9982705090478703
17.799215570000005 1.998259296942706
17.828374080000003 1.998248084099032
17.857532590000005 1.9982368705150293
17.886691100000004 1.998225656188879
17.915849610000002 1.9982144411260379
17.945008120000008 1.998203225322868
17.974166630000006 1.9981920087775507
18.00332514000001 1.9981807914973615
18.032483650000007 1.9981695734732057
18.061642160000005 1.9981583547087212
18.090800670000007 1.998147135203908
18.119959180000006 1.998135914966042
18.149117690000008 1.9981246939805715
18.178276200000006 1.9981134722602292
18.207434710000005 1.9981022497959202
18.236593220000007 1.9980910265967395
18.265751730000005 1.9980798026535922
18.294910240000007 1.9980685779737541
18.324068750000006 1.9980573525499494
18.353227260000004 1.998046126391273
18.382385770000006 1.998034899486811
18.411544280000005 1.998023671851115
18.440702790000003 1.9980124434714526
18.469861300000005 1.9980012143496424
18.499019810000004 1.9979899844856845
18.528178320000006 1.997978753894131
18.557336830000004 1.9979675225513347
18.586495340000003 1.9979562904700288
18.615653850000005 1.997945057653851
18.644812360000003 1.9979338240991638
18.673970870000005 1.9979225898005097
18.703129380000004 1.997911354754251
18.732287890000002 1.9979001189803967
18.761446400000004 1.9978888824662135
18.790604910000006 1.9978776452026068
18.819763420000008 1.9978664072095853
18.848921930000007 1.9978551684744161
18.878080440000005 1.9978439289934613
18.907238950000007 1.9978326887812727
18.936397460000006 1.9978214478214795
18.965555970000008 1.9978102061286336
18.994714480000006 1.99779896369364
19.023872990000005 1.9977877205128607
19.053031500000007 1.9977764766008477
19.082190010000005 1.997765231939411
19.111348520000007 1.9977539865431027
19.140507030000006 1.9977427404155605
19.169665540000004 1.9977314935349568
19.198824050000006 1.9977202459267573
19.227982560000004 1.9977089975691342
19.257141070000007 1.9976977484802774
19.286299580000005 1.9976864986456349
19.315458090000003 1.9976752480724826
19.344616600000005 1.9976639967571828
19.373775110000004 1.9976527446997352
19.402933620000006 1.997641491911054
19.432092130000004 1.997630238372949
19.461250640000003 1.9976189841108862
19.490409150000005 1.997607729095762
19.519567660000003 1.9975964733421279
19.548726170000005 1.9975852168463462
19.577884680000004 1.9975739596193307
19.607043190000006 1.9975627016501676
19.636201700000008 1.9975514429315808
19.665360210000006 1.9975401834817603
19.69451872000001 1.997528923297068
19.723677230000007 1.9975176623629523
19.752835740000005 1.9975064006939647
19.781994250000007 1.9974951382828294
19.811152760000006 1.9974838751295465
19.840311270000008 1.9974726112450298
19.869469780000006 1.9974613466147275
19.898628290000005 1.9974500812531915
19.927786800000007 1.9974388151385938
19.956945310000005 1.9974275482818484
19.986103820000007 1.9974162806938693
20.015262330000006 1.9974050123710185
20.044420840000004 1.997393743313296
20.073579350000006 1.997382473491598
20.102737860000005 1.997371202953218
20.131896370000003 1.9973599316617765
20.161054880000005 1.9973486596354633
20.190213390000004 1.9973373868670024
20.219371900000006 1.9973261133600317
20.248530410000004 1.9973148391218274
20.277688920000003 1.9973035641232855
20.306847430000005 1.9972922884007858
20.336005940000003 1.9972810119361384
20.365164450000005 1.9972697347366193
20.394322960000004 1.9972584567840386
20.42348147000001 1.997247178103862
20.452639980000008 1.997235898681538
20.481798490000006 1.9972246185134281
20.51095700000001 1.9972133376031707
20.540115510000007 1.9972020559653174
20.569274020000005 1.9971907735816785
20.598432530000007 1.997179490455892
20.627591040000006 1.9971682066025096
20.656749550000008 1.9971569219851517
20.685908060000006 1.997145636647474
20.715066570000005 1.9971343505676487
20.744225080000007 1.9971230637311237
20.773383590000005 1.9971117761888308
20.802542100000007 1.9971004878898384
20.831700610000006 1.9970891988341464
20.860859120000004 1.9970779090435826
20.890017630000006 1.997066618539975
20.919176140000005 1.9970553272723919
20.948334650000007 1.997044035269937
20.977493160000005 1.9970327425398864
21.006651670000004 1.9970214490458602
21.035810180000006 1.9970101548242383
21.064968690000004 1.9969988598677446
21.094127200000006 1.9969875641618273
21.123285710000005 1.9969762677355902
21.152444220000003 1.9969649705453776
21.181602730000005 1.9969536726348451
21.210761240000004 1.996942373974889
21.239919750000006 1.9969310745873372
21.269078260000008 1.9969197744430858
21.298236770000006 1.9969084735421347
21.327395280000008 1.9968971719499677
21.356553790000007 1.9968858695938252
21.38571230000001 1.996874566473707
21.414870810000007 1.9968632626332692
21.444029320000006 1.9968519580725115
21.473187830000008 1.9968406527623301
21.502346340000006 1.9968293466881732
21.531504850000008 1.9968180399009725
21.560663360000007 1.996806732371624
21.589821870000005 1.9967954240710242
21.618980380000007 1.9967841150646564
21.648138890000006 1.9967728053234168
21.677297400000008 1.9967614948327537
21.706455910000006 1.996750183578115
21.735614420000005 1.9967388716322603
21.764772930000007 1.9967275588933262
21.793931440000005 1.9967162454340723
21.823089950000007 1.9967049312472227
21.852248460000006 1.9966936163182254
21.881406970000004 1.9966823006252525
21.910565480000006 1.9966709842265118
21.939723990000005 1.9966596670710715
21.968882500000003 1.9966483491807594
21.998041010000005 1.9966370305555756
22.027199520000003 1.9966257111736923
22.056358030000005 1.9966143910569372
22.085516540000008 1.9966030702053104
22.11467505000001 1.9965917486115359
22.143833560000008 1.9965804262756137
22.172992070000006 1.9965691032120958
22.20215058000001 1.9965577793991542
22.231309090000007 1.996546454851341
22.260467600000005 1.996535129546828
22.289626110000007 1.9965238035438233
22.318784620000006 1.996512476769567
22.347943130000008 1.996501149238611
22.377101640000006 1.9964898210091633
22.406260150000005 1.996478492008464
22.435418660000007 1.9964671622874448
22.464577170000005 1.9964558318024501
22.493735680000007 1.9964445006044116
22.522894190000006 1.9964331686569494
22.552052700000004 1.9964218359673396
22.581211210000006 1.9964105025210301
22.610369720000005 1.996399168354401
22.639528230000007 1.996387833445624
22.668686740000005 1.9963764978019753
22.697845250000004 1.996365161408903
22.727003760000006 1.996353824295511
22.756162270000004 1.9963424864399713
22.785320780000006 1.996331147820456
22.814479290000005 1.996319808466069
22.843637800000003 1.9963084683913621
22.872796310000005 1.9962971275599557
22.901954820000004 1.9962857859791256
22.93111333000001 1.9962744436779758
22.960271840000008 1.9962631006201264
22.989430350000006 1.996251756849233
23.01858886000001 1.9962404123216402
23.047747370000007 1.9962290670664515
23.07690588000001 1.9962177210545633
23.106064390000007 1.9962063743296312
23.135222900000006 1.9961950268188957
23.164381410000008 1.9961836785951164
23.193539920000006 1.9961723296437413
23.22269843000001 1.9961609799502185
23.251856940000007 1.9961496294854442
23.281015450000005 1.996138278307626
23.310173960000007 1.9961269263876602
23.339332470000006 1.9961155737400986
23.368490980000008 1.9961042203212855
23.397649490000006 1.9960928661748767
23.426808000000005 1.996081511315424
23.455966510000007 1.9960701556701679
23.485125020000005 1.996058799297316
23.514283530000007 1.9960474421968684
23.543442040000006 1.996036084354273
23.572600550000004 1.9960247257986339
23.601759060000006 1.9960133664717432
23.630917570000005 1.9960020064172568
23.660076080000003 1.9959906456206227
23.689234590000005 1.9959792840818409
23.718393100000004 1.9959679218009114
23.74755161000001 1.9959565587778343
23.776710120000008 1.9959451950271614
23.80586863000001 1.9959338305343408
23.835027140000008 1.9959224653284764
23.864185650000007 1.9959110993077047
23.89334416000001 1.995899732602993
23.922502670000007 1.9958883651270298
23.951661180000006 1.9958769969380228
23.980819690000008 1.9958656279923161
24.009978200000006 1.99585425828991
24.039136710000008 1.9958428878890118
24.068295220000007 1.995831516731414
24.097453730000005 1.9958201448171167
24.126612240000007 1.9958087722334312
24.155770750000006 1.9957973988348385
24.184929260000008 1.995786024723202
24.214087770000006 1.9957746498548659
24.243246280000005 1.995763274258934
24.272404790000007 1.9957518979208544
24.301563300000005 1.995740520855179
24.330721810000007 1.995729143061908
24.359880320000006 1.9957177644828334
24.389038830000004 1.995706385205267
24.418197340000006 1.9956950051418971
24.447355850000005 1.9956836243509315
24.476514360000007 1.995672242846922
24.505672870000005 1.9956608606007649
24.534831380000004 1.995649477627012
24.563989890000006 1.9956380938674556
24.593148400000008 1.9956267093948554
24.62230691000001 1.9956153242092114
24.651465420000008 1.995603938237764
24.680623930000007 1.9955925515387207
24.70978244000001 1.9955811641120818
24.738940950000007 1.995569775957847
24.76809946000001 1.9955583870323608
24.797257970000008 1.9955469973647268
24.826416480000006 1.995535606984049
24.855574990000008 1.9955242158903275
24.884733500000007 1.9955128239525948
24.91389201000001 1.995501431360026
24.943050520000007 1.9954900380398612
24.972209030000005 1.9954786439338932
25.001367540000007 1.9954672491003294
25.030526050000006 1.9954558535391698
25.059684560000008 1.9954444572067587
25.088843070000006 1.9954330602195114
25.118001580000005 1.995421662388253
25.147160090000007 1.9954102638585027
25.176318600000005 1.9953988646157086
25.205477110000007 1.995387464587111
25.234635620000006 1.9953760638309177
25.263794130000004 1.9953646623325767
25.292952640000006 1.99535326010664
25.322111150000005 1.9953418571676593
25.351269660000003 1.9953304534428753
25.380428170000005 1.9953190490050474
25.409586680000007 1.99530764381052
25.43874519000001 1.9952962379029486
25.467903700000008 1.995284831209574
25.49706221000001 1.9952734238031553
25.52622072000001 1.995262015654589
25.555379230000007 1.9952506067638751
25.58453774000001 1.9952391971746692
25.613696250000007 1.9952277867705561
25.642854760000006 1.995216375682503
25.672013270000008 1.9952049638086464
25.701171780000006 1.9951935512654018
25.73033029000001 1.9951821379072499
25.759488800000007 1.995170723865158
25.788647310000005 1.9951593090809183
25.817805820000007 1.9951478935399791
25.846964330000006 1.9951364772568922
25.876122840000008 1.9951250602171058
25.905281350000006 1.9951136424497236
25.934439860000005 1.9951022239401937
25.963598370000007 1.995090804703068
25.992756880000005 1.9950793847237946
26.021915390000007 1.9950679639878217
26.051073900000006 1.9950565425533568
26.080232410000004 1.9950451203330886
26.109390920000006 1.9950336973997764
26.138549430000005 1.9950222737388685
26.167707940000007 1.995010849321261
26.196866450000005 1.9949994241178501
26.226024960000007 1.994987998274155
26.25518347000001 1.9949765715573449
26.284341980000008 1.9949651442002505
26.31350049000001 1.9949537160864566
26.34265900000001 1.9949422872450668
26.371817510000007 1.9949308576178737
26.40097602000001 1.9949194272921886
26.430134530000007 1.9949079962389078
26.45929304000001 1.9948965643998235
26.488451550000008 1.9948851318331435
26.517610060000006 1.994873698509764
26.54676857000001 1.9948622645169962
26.575927080000007 1.9948508297093213
26.60508559000001 1.9948393942322582
26.634244100000007 1.9948279579402879
26.663402610000006 1.9948165209498256
26.692561120000008 1.9948050832026638
26.721719630000006 1.9947936447279062
26.750878140000008 1.994782205496449
26.780036650000007 1.9947707655956037
26.809195160000005 1.9947593248507474
26.838353670000007 1.9947478834365029
26.867512180000006 1.9947364412655588
26.896670690000008 1.9947249983379152
26.925829200000006 1.994713554653572
26.954987710000005 1.9947021102998406
26.984146220000007 1.9946906651020981
27.013304730000005 1.994679219322279
27.042463240000004 1.9946677726693451
27.07162175000001 1.9946563253179193
27.100780260000008 1.9946448772097938
27.12993877000001 1.9946334283740725
27.159097280000008 1.9946219788107555
27.18825579000001 1.9946105284616351
27.21741430000001 1.9945990774431266
27.246572810000007 1.9945876256388146
27.27573132000001 1.9945761731942184
27.304889830000008 1.9945647198182996
27.334048340000006 1.9945532658020966
27.363206850000008 1.9945418110874016
27.392365360000007 1.9945303555869032
27.42152387000001 1.994518899358809
27.450682380000007 1.9945074424613267
27.479840890000006 1.9944959846616257
27.508999400000008 1.9944845261925366
27.538157910000006 1.9944730669958517
27.567316420000008 1.994461607071571
27.596474930000007 1.9944501464779023
27.625633440000005 1.9944386849820148
27.654791950000007 1.994427222874947
27.683950460000005 1.9944157599820755
27.713108970000008 1.9944042963325046
27.742267480000006 1.9943928320135456
27.771425990000004 1.9943813668505754
27.800584500000006 1.9943699010182172
27.829743010000005 1.9943584344000556
27.858901520000007 1.994346967083402
27.88806003000001 1.994335498980945
27.917218540000007 1.994324030179996
27.94637705000001 1.994312560709659
27.975535560000008 1.994301090395311
28.00469407000001 1.9942896193824708
28.03385258000001 1.994278147642035
28.063011090000007 1.9942666751157958
28.09216960000001 1.9942552018619608
28.121328110000007 1.9942437278514262
28.15048662000001 1.9942322531423997
28.179645130000008 1.9942207776475698
28.208803640000006 1.994209301425144
28.23796215000001 1.9941978245333303
28.267120660000007 1.994186346855713
28.29627917000001 1.9941748683922924
28.325437680000007 1.9941633892885875
28.354596190000006 1.9941519093408715
28.383754700000008 1.9941404286946636
28.412913210000006 1.9941289473499637
28.44207172000001 1.9941174651903566
28.471230230000007 1.9941059823613614
28.500388740000005 1.9940944987465627
28.529547250000007 1.9940830144041684
28.558705760000006 1.9940715293341782
28.587864270000008 1.9940600434492808
28.617022780000006 1.994048556953203
28.646181290000005 1.9940370696422178
28.675339800000007 1.9940255815745331
28.704498310000005 1.9940140928083565
28.73365682000001 1.9940026032854803
28.76281533000001 1.9939911130059045
28.791973840000008 1.993979621998733
28.82113235000001 1.9939681303221732
28.85029086000001 1.9939566377724987
28.87944937000001 1.9939451445825398
28.90860788000001 1.9939336506067775
28.937766390000007 1.9939221559034195
28.96692490000001 1.993910660414258
28.996083410000008 1.99389916434302
29.02524192000001 1.9938876673695631
29.05440043000001 1.9938761696976144
29.083558940000007 1.9938646712980699
29.11271745000001 1.9938531722291373
29.141875960000007 1.9938416722870898
29.171034470000006 1.993830171704758
29.200192980000008 1.993818670307519
29.229351490000006 1.9938071682408918
29.25851000000001 1.9937956654466689
29.287668510000007 1.9937841618084349
29.316827020000005 1.9937726575299166
29.345985530000007 1.993761152436491
29.375144040000006 1.9937496466736775
29.404302550000008 1.993738140037749
29.433461060000006 1.9937266328197438
29.462619570000005 1.993715124845039
29.491778080000007 1.9937036161136348
29.520936590000005 1.9936921066255309
29.55009510000001 1.9936805963516235
29.57925361000001 1.993669085408328
29.608412120000008 1.9936575736792292
29.63757063000001 1.9936460611934308
29.666729140000008 1.9936345479800366
29.69588765000001 1.9936230340681504
29.72504616000001 1.9936115193995647
29.754204670000007 1.9936000039742794
29.78336318000001 1.9935884878213983
29.812521690000008 1.9935769709409215
29.84168020000001 1.9935654531873297
29.870838710000008 1.9935539349389728
29.899997220000007 1.9935424157592934
29.92915573000001 1.9935308959393296
29.958314240000007 1.9935193753044587
29.98747275000001 1.9935078540293034
30.016631260000008 1.993496331939241
30.045789770000006 1.9934848091506865
30.074948280000008 1.9934732856636401
30.104106790000007 1.9934617613325827
30.13326530000001 1.9934502363030333
30.162423810000007 1.9934387105167843
30.191582320000006 1.9934271840029396
30.220740830000008 1.9934156567323953
30.249899340000006 1.9934041287342552
30.279057850000008 1.993392600066727
30.308216360000007 1.9933810705551878
30.337374870000005 1.993369540286949
30.366533380000007 1.9933580093784258
30.39569189000001 1.9933464777423069
30.42485040000001 1.993334945262177
30.45400891000001 1.9933234121417627
30.483167420000008 1.9933118781773373
30.51232593000001 1.993300343543524
30.54148444000001 1.993288808153011
30.57064295000001 1.9932772719766945
30.59980146000001 1.9932657351600938
30.628959970000007 1.9932541975867935
30.65811848000001 1.993242659169482
30.687276990000008 1.9932311201118864
30.71643550000001 1.993219580326695
30.74559401000001 1.9932080396974925
30.774752520000007 1.9931964984280057
30.80391103000001 1.9931849563727155
30.833069540000007 1.9931734136189334
30.862228050000006 1.993161870050244
30.891386560000008 1.9931503258412704
30.920545070000006 1.9931387808173895
30.94970358000001 1.9931272351532243
30.978862090000007 1.9931156885577366
31.008020600000005 1.9931041413801722
31.037179110000007 1.9930925934459083
31.066337620000006 1.9930810446385294
31.095496130000008 1.993069495249074
31.124654640000006 1.9930579450447112
31.153813150000005 1.9930463941418566
31.182971660000007 1.9930348424823023
31.21213017000001 1.9930232900078408
31.24128868000001 1.993011736893095
31.27044719000001 1.9930001830798574
31.299605700000008 1.9929886283935048
31.32876421000001 1.9929770730668679
31.35792272000001 1.9929655169253238
31.38708123000001 1.9929539600852877
31.41623974000001 1.9929424025467597
31.445398250000007 1.992930844251532
31.47455676000001 1.992919285199605
31.503715270000008 1.9929077253909782
31.53287378000001 1.9928961648256518
31.56203229000001 1.9928846035036258
31.591190800000007 1.992873041483108
31.62034931000001 1.9928614787640981
31.649507820000007 1.9928499152883887
31.67866633000001 1.9928383510559797
31.707824840000008 1.9928267861250788
31.736983350000006 1.992815220321063
31.76614186000001 1.9928036538185552
31.795300370000007 1.9927920866757631
31.82445888000001 1.9927805187762715
31.853617390000007 1.992768950003665
31.882775900000006 1.9927573806489818
31.911934410000008 1.992745810537599
31.941092920000006 1.992734239611309
31.97025143000001 1.9927226679283194
31.999409940000007 1.9927110956050456
32.02856845000001 1.9926995224668644
32.05772696000001 1.992687948513776
32.08688547000001 1.9926763740368187
32.11604398000001 1.9926647986285388
32.14520249000001 1.9926532225799747
32.17436100000001 1.992641645774711
32.20351951000001 1.9926300682127476
32.23267802000001 1.9926184898940846
32.26183653000001 1.9926069108769298
32.290995040000006 1.9925953311030753
32.32015355000001 1.992583750630729
32.34931206000001 1.9925721692852676
32.37847057000001 1.992560587299522
32.40762908000001 1.9925490046152845
32.43678759000001 1.9925374211743474
32.46594610000001 1.992525836918503
32.495104610000006 1.992514252080582
32.52426312000001 1.9925026662531309
32.55342163000001 1.9924910799018107
32.582580140000005 1.992479492619168
32.61173865000001 1.9924679048126563
32.64089716000001 1.9924563161912374
32.67005567000001 1.9924447267549112
32.699214180000006 1.9924331366783008
32.72837269000001 1.9924215456703678
32.75753120000001 1.9924099541967735
32.786689710000005 1.9923983617918566
32.81584822000001 1.9923867686302401
32.84500673000001 1.9923751747701317
32.87416524000001 1.992363580269739
32.90332375000001 1.9923519848962314
32.93248226000001 1.9923403889406472
32.96164077000001 1.9923287919955328
32.99079928000001 1.992317194584757
33.01995779000001 1.9923055963590741
33.04911630000001 1.9922939973766916
33.07827481000001 1.992282397521194
33.10743332000001 1.9922707970254123
33.13659183000001 1.9922591958311386
33.16575034000001 1.9922475938219577
33.19490885000001 1.9922359911142848
33.22406736000001 1.9922243877663277
33.25322587000001 1.9922127835452557
33.28238438000001 1.992201178567484
33.311542890000005 1.9921895730076358
33.34070140000001 1.992177966516465
33.36985991000001 1.9921663593268022
33.399018420000004 1.9921547516132705
33.42817693000001 1.992143142852001
33.45733544000001 1.9921315333922394
33.48649395000001 1.9921199234668165
33.515652460000005 1.9921083124936558
33.54481097000001 1.9920967009966262
33.57396948000001 1.9920850886846893
33.603127990000004 1.9920734756160527
33.632286500000006 1.9920618618489243
33.66144501000001 1.9920502470922656
33.69060352 1.992038631986361
33.71976203000001 1.9920270159491338
33.74892054000001 1.9920153992716223
33.77807905000001 1.9920037816045806
33.80723756000001 1.9919921634718776
33.836396070000006 1.9919805445242673
33.86555458000001 1.9919689247617498
33.89471309000001 1.9919573042425327
33.923871600000005 1.9919456830830313
33.95303011000001 1.9919340612832457
33.98218862 1.9919224383775145
34.01134713000001 1.9919108150643297
34.040505640000006 1.9918991909944452
34.06966415000001 1.991887565876823
34.09882266 1.991875940177124
34.127981170000005 1.9918643139535561
34.157139680000014 1.9918526867986657
34.18629819000001 1.991841059003491
34.21545670000001 1.991829430393409
34.244615210000006 1.991817801084835
34.27377372000001 1.9918061709031463
34.30293223000001 1.9917945400811732
34.33209074000001 1.9917829085607082
34.36124925000001 1.9917712763417512
34.39040776000001 1.9917596431914717
34.419566270000004 1.9917480094591156
34.44872478000001 1.9917363749700598
34.47788329000001 1.9917247396660969
34.50704180000001 1.9917131037218496
34.536200310000005 1.9917014668462798
34.56535882000001 1.9916898295632564
34.59451733000001 1.991678191232495
34.62367584000001 1.9916665523778647
34.652834350000006 1.9916549126501195
34.68199286000001 1.991643272107467
34.71115137 1.991631630982738
34.74030988000001 1.991619989159517
34.76946839000001 1.991608346463181
34.79862690000001 1.9915967030683532
34.827785410000004 1.9915850588586181
34.856943920000006 1.9915734140668064
34.88610243000001 1.9915617684018798
34.91526094000001 1.991550122096669
34.94441945000001 1.991538475092966
34.97357796000001 1.991526827099733
35.00273647000001 1.991515178582631
35.03189498000001 1.9915035291342065
35.06105349000001 1.9914918792201206
35.09021200000001 1.9914802284329198
35.11937051000001 1.9914685769472271
35.148529020000005 1.9914569245884195
35.177687530000014 1.99144527153112
35.20684604000001 1.9914336178335361
35.23600455000001 1.991421963321045
35.265163060000006 1.991410308110062
35.29432157000001 1.991398652200587
35.32348008000001 1.991386995476205
35.35263859000001 1.9913753379369155
35.38179710000001 1.991363679699134
35.41095561000001 1.9913520209374838
35.440114120000004 1.9913403611863032
35.46927263000001 1.9913287007948384
35.49843114000001 1.991317039472051
35.52758965000001 1.9913053776253946
35.556748160000005 1.991293715138454
35.58590667000001 1.9912820517201908
35.61506518000001 1.9912703876034357
35.64422369000001 1.9912587227881886
35.673382200000006 1.9912470573326573
35.70254071000001 1.9912353907129727
35.73169922 1.9912237236858346
35.76085773000001 1.9912120559602045
35.790016240000014 1.99120038759429
35.81917475000001 1.9911887181224301
35.84833326000001 1.9911770481267013
35.877491770000006 1.9911653773742728
35.906650280000015 1.9911537059233524
35.93580879000001 1.9911420337157324
35.96496730000001 1.9911303605767898
35.99412581000001 1.9911186869139783
36.02328432000001 1.9911070123780519
36.05244283000001 1.9910953372600488
36.08160134000001 1.9910836612107232
36.11075985000001 1.9910719845211133
36.13991836000001 1.9910603071912192
36.169076870000005 1.9910486290464178
36.198235380000014 1.9910369500867091
36.22739389000001 1.9910252704867162
36.25655240000001 1.9910135899554007
36.285710910000006 1.9910019090166315
36.31486942000001 1.9909902271465398
36.34402793000001 1.9909785444033332
36.37318644000001 1.9909668611944653
36.40234495000001 1.9909551770542748
36.43150346000001 1.9909434922738
36.460661970000004 1.990931806678418
36.48982048000001 1.9909201203263365
36.51897899000001 1.9909084333339706
36.54813750000001 1.9908967455849051
36.577296010000005 1.9908850570209324
36.60645452000001 1.9908733677002601
36.635613030000016 1.9908616777975112
36.66477154000001 1.990849987079855
36.69393005000001 1.9908382956054993
36.72308856000001 1.990826603374444
36.75224707000001 1.990814910386689
36.78140558000001 1.9908032165840268
36.810564090000014 1.990791522199288
36.83972260000001 1.990779826999642
36.86888111000001 1.9907681311597116
36.898039620000006 1.9907564343884587
36.927198130000015 1.9907447371515445
36.95635664000001 1.9907330389833078
36.98551515000001 1.9907213400001638
37.01467366000001 1.9907096404349431
37.04383217000001 1.9906979399966076
37.072990680000004 1.9906862390926108
37.10214919000001 1.9906745370826684
37.13130770000001 1.99066283472348
37.16046621000001 1.9906511312001385
37.189624720000005 1.9906394272111356
37.21878323000001 1.9906277224654332
37.24794174000001 1.9906160168466158
37.27710025000001 1.9906043105875142
37.306258760000006 1.9905926036299206
37.33541727000001 1.9905808957410045
37.36457578 1.9905691874446347
37.39373429000001 1.9905574781587347
37.42289280000001 1.9905457679415122
37.45205131000001 1.9905340573750436
37.48120982000001 1.9905223459936678
37.510368330000006 1.9905106336809695
37.539526840000015 1.9904989209026098
37.56868535000001 1.9904872070765123
37.59784386000001 1.9904754929011688
37.62700237000001 1.9904637776780874
37.65616088000001 1.990452061756514
37.68531939000001 1.990440344903618
37.71447790000001 1.9904286278178915
37.74363641000001 1.9904169095680118
37.77279492000001 1.99040519061964
37.801953430000005 1.9903934709727764
37.831111940000014 1.9903817507438362
37.86027045000001 1.9903700295835733
37.88942896000001 1.990358307841234
37.918587470000006 1.9903465854004025
37.94774598000001 1.9903348620282486
37.97690449000001 1.9903231379576027
38.00606300000001 1.9903114130720496
38.03522151000001 1.9902996876044199
38.06438002000001 1.9902879614382982
38.093538530000004 1.9902762344572693
38.12269704000001 1.9902645066613331
38.15185555000001 1.9902527782833204
38.18101406000001 1.990241048973985
38.210172570000005 1.990229319082573
38.23933108000001 1.9902175884926692
38.268489590000016 1.9902058569714427
38.29764810000001 1.9901941251009703
38.32680661000001 1.990182391833514
38.35596512000001 1.990170658333227
38.38512363000001 1.9901589239016175
38.41428214000001 1.9901471886551008
38.443440650000014 1.9901354528265074
38.47259916000001 1.9901237161830068
38.50175767000001 1.9901119788410142
38.530916180000006 1.9901002408005297
38.560074690000015 1.9900885020615533
38.58923320000001 1.9900767625076696
38.61839171000001 1.990065022255294
38.64755022000001 1.9900532810715958
38.67670873000001 1.9900415394222364
38.70586724000001 1.9900297968415543
38.73502575000001 1.9900180536787957
38.76418426000001 1.9900063094682992
38.79334277000001 1.989994564675726
38.822501280000004 1.9899828193010762
38.851659790000014 1.9899710728786886
38.88081830000001 1.9899593262234703
38.90997681000001 1.989947578520514
38.939135320000005 1.9899358300026506
38.96829383000001 1.98992408066988
38.99745234000001 1.989912330871448
39.02661085000001 1.9899005801416934
39.055769360000006 1.9898888287134469
39.08492787000001 1.989877076470293
39.11408638000001 1.9898653238778934
39.14324489000001 1.9898535702377558
39.172403400000015 1.9898418158991262
39.20156191000001 1.9898300607455894
39.23072042000001 1.9898183048935607
39.259878930000006 1.98980654834304
39.289037440000016 1.9897947909776121
39.31819595000001 1.9897830330301076
39.34735446000001 1.9897712740348652
39.37651297000001 1.9897595144575462
39.40567148000001 1.9897477544145659
39.43482999000001 1.9897359933238477
39.46398850000001 1.9897242314182222
39.49314701000001 1.989712469279766
39.52230552000001 1.9897007058607414
39.551464030000005 1.9896889418596402
39.580622540000014 1.9896771770436317
39.60978105000001 1.9896654116455466
39.63893956000001 1.9896536455489695
39.668098070000006 1.9896418785210699
39.69725658000001 1.9896301107946783
39.72641509000001 1.9896183423697948
39.75557360000001 1.989606573130004
39.78473211000001 1.9895948033081368
39.81389062000001 1.9895830327877775
39.843049130000004 1.9895712613360956
39.87220764000001 1.9895594891859218
39.90136615000001 1.9895477164536715
39.93052466000001 1.9895359429065138
39.95968317000001 1.989524168544449
39.98884168000001 1.9895123933674768
40.018000190000016 1.9895006173755974
40.04715870000001 1.9894888409180567
40.07631721000001 1.9894770638784394
40.10547572000001 1.9894652855582535
40.13463423000001 1.989453506655991
40.16379274000001 1.9894417272880673
40.192951250000014 1.9894299472216517
40.22210976000001 1.989418166107498
40.25126827000001 1.9894063842948526
40.280426780000006 1.9893946017837152
40.309585290000015 1.9893828185740858
40.33874380000001 1.9893710346659645
40.36790231000001 1.9893592500593513
40.39706082000001 1.9893474645214155
40.42621933000001 1.9893356784014031
40.455377840000004 1.9893238914664835
40.48453635000001 1.9893121037166566
40.51369486000001 1.9893003155011684
40.54285337000001 1.9892885263543576
40.572011880000005 1.989276736509055
40.60117039000001 1.9892649456160143
40.63032890000001 1.9892531546065584
40.65948741000001 1.9892413624329492
40.688645920000006 1.9892295694444329
40.71780443000001 1.9892177761066705
40.74696294000002 1.9892059814883396
40.77612145000001 1.9891941868700087
40.805279960000014 1.989182390854694
40.83443847000001 1.989170594373718
40.86359698000001 1.9891587970778346
40.892755490000006 1.9891469990834594
40.921914000000015 1.9891352003905922
40.95107251000001 1.9891234007664025
40.98023102000001 1.9891116007929668
41.00938953000001 1.9890997996553779
41.03854804000001 1.989087997819297
41.06770655000001 1.9890761954011396
41.09686506000001 1.9890643922844902
41.12602357000001 1.9890525884693488
41.15518208000001 1.989040783722885
41.184340590000005 1.9890289781615138
41.213499100000014 1.9890171721344814
41.24265761000001 1.9890053652925417
41.27181612000001 1.9889935575192794
41.300974630000006 1.9889817493967712
41.33013314000001 1.9889699403429404
41.35929165000001 1.9889581301249564
41.38845016000001 1.9889463195577264
41.41760867000001 1.9889345086412504
41.44676718000001 1.9889226965606213
41.475925690000004 1.9889108836650848
41.50508420000001 1.9888990699546412
41.53424271000001 1.9888872556621209
41.56340122000001 1.988875440438278
41.59255973000001 1.9888636248651892
41.62171824000001 1.9888518083607778
41.650876750000016 1.9888399911578745
41.68003526000001 1.9888281734893098
41.70919377000001 1.9888163545401767
41.73835228000001 1.9888045348925516
41.76751079000001 1.9887927147792652
41.79666930000001 1.9887808938510716
41.825827810000014 1.9887690721079707
41.85498632000001 1.988757249666378
41.88414483000001 1.9887454266427085
41.913303340000006 1.9887336028041318
41.942461850000015 1.9887217782670632
41.97162036000001 1.9887099525658414
42.00077887000001 1.9886981268646196
42.02993738000001 1.9886862995335832
42.05909589000001 1.9886744719697163
42.08825440000001 1.988662643940188
42.11741291000001 1.9886508147465065
42.14657142000001 1.9886389849707484
42.17572993000001 1.988627154380083
42.204888440000005 1.9886153230909258
42.234046950000014 1.9886034909868613
42.26320546000001 1.9885916583007202
42.29236397000001 1.9885798245668411
42.321522480000006 1.9885679902508855
42.35068099000001 1.988556155236438
42.37983950000001 1.988544319756329
42.40899801000001 1.988532483112067
42.438156520000014 1.9885206458857283
42.46731503000001 1.9885088079608977
42.49647354000001 1.9884969691047445
42.52563205000001 1.9884851300157607
42.554790560000015 1.988473289879039
42.58394907000001 1.9884614488109946
42.61310758000001 1.988449607277289
42.64226609000001 1.9884377646958455
42.671424600000016 1.9884259214159101
42.70058311000001 1.9884140776703134
42.72974162000001 1.9884022329933941
42.75890013000001 1.988390387967229
42.78805864000001 1.988378541660495
42.81721715000001 1.9883666950045153
42.846375660000014 1.9883548475336283
42.87553417000001 1.9883429990150034
42.90469268000001 1.988331149914302
42.933851190000006 1.9883193001151085
42.963009700000015 1.9883074497338384
42.99216821000001 1.9882955985376611
43.02132672000001 1.9882837461773306
43.05048523000001 1.988271893817
43.07964374000001 1.9882600399432704
43.10880225000001 1.98824818583671
43.13796076000001 1.9882363306824118
43.16711927000001 1.9882244754116982
43.19627778000001 1.9882126185111701
43.225436290000005 1.9882007613778114
43.254594800000014 1.9881889037787914
43.283753310000016 1.9881770451320335
43.31291182000001 1.9881651853211224
43.34207033000001 1.9881533252773806
43.37122884000001 1.988141464535147
43.40038735000002 1.9881296027451754
43.42954586000001 1.9881177402567118
43.458704370000014 1.9881058774190024
43.48786288000001 1.988094013533555
43.51702139000001 1.9880821489496157
43.54617990000001 1.9880702834343538
43.575338410000015 1.9880584174534306
43.60449692000001 1.9880465506576002
43.63365543000001 1.9880346832796931
43.66281394000001 1.9880228149704635
43.691972450000016 1.9880109458463266
43.72113096000001 1.9879990762565285
43.75028947000001 1.9879872057354078
43.77944798000001 1.9879753343993798
43.80860649000001 1.9879634623648599
43.837765000000005 1.9879515895154327
43.866923510000014 1.9879397158510983
43.89608202000001 1.9879278419539332
43.92524053000001 1.9879159670090303
43.954399040000006 1.9879040913656354
43.983557550000015 1.9878922150237486
44.01271606000001 1.9878803377505392
44.04187457000001 1.9878684600116685
44.071033080000014 1.9878565814578906
44.10019159000001 1.987844701623544
44.12935010000002 1.9878328214399517
44.15850861000001 1.9878209409071133
44.187667120000015 1.9878090592101216
44.21682563000001 1.987797176814638
44.24598414000001 1.9877852937206626
44.27514265000001 1.9877734099281952
44.304301160000016 1.9877615253208205
44.33345967000001 1.9877496402477846
44.36261818000001 1.9877377540105954
44.39177669000001 1.987725867307745
44.42093520000001 1.9877139796735719
44.45009371000001 1.9877020914573222
44.47925222000001 1.9876902025425807
44.50841073000001 1.9876783128129318
44.53756924000001 1.9876664222683758
44.566727750000005 1.9876545309089124
44.595886260000015 1.9876426392002031
44.62504477000001 1.9876307462109253
44.65420328000001 1.9876188528724015
44.683361790000006 1.9876069588353857
44.71252030000001 1.9875950636342168
44.74167881000001 1.9875831682002172
44.77083732000001 1.9875712719513103
44.79999583000001 1.987559374421835
44.82915434000001 1.9875474765431136
44.858312850000004 1.9875355780823156
44.88747136000001 1.9875236788066104
44.916629870000016 1.987511778715998
44.94578838000001 1.9874998778104782
44.97494689000001 1.9874879762064666
45.00410540000001 1.9874760740203783
45.03326391000002 1.987464171135798
45.06242242000001 1.9874522670870647
45.09158093000001 1.9874403626890853
45.12073944000001 1.987428457243368
45.14989795000001 1.9874165514484048
45.17905646000001 1.9874046444892883
45.208214970000014 1.987392737180926
45.23737348000001 1.9873808287084103
45.26653199000001 1.9873689197702333
45.295690500000006 1.9873570102499798
45.324849010000015 1.987345099565573
45.35400752000001 1.987333188764751
45.38316603000001 1.987321276566945
45.41232454000001 1.9873093639034778
45.44148305000001 1.9872974501922727
45.47064156000001 1.9872855363646522
45.49980007000001 1.987273621140048
45.52895858000001 1.9872617057990283
45.55811709000001 1.9872497892938554
45.587275600000005 1.9872378720901906
45.616434110000014 1.98722595453728
45.64559262000001 1.9872140359366313
45.67475113000001 1.9872021165210754
45.703909640000006 1.9871901962906122
45.73306815000001 1.9871782755944878
45.76222666000002 1.9871663543162867
45.79138517000001 1.9871544317575172
45.820543680000014 1.9871425087330863
45.84970219000001 1.9871305852429941
45.87886070000001 1.9871186605887488
45.90801921000001 1.9871067351195961
45.937177720000015 1.9870948090683669
45.96633623000001 1.9870828822022304
45.99549474000001 1.9870709552196786
46.02465325000001 1.9870590269565582
46.053811760000016 1.9870470976457
46.08297027000001 1.9870351682184264
46.11212878000001 1.9870232376269996
46.14128729000001 1.9870113064534962
46.17044580000001 1.9869993745815009
46.19960431000001 1.9869874418945983
46.228762820000014 1.9869755085092038
46.25792133000001 1.9869635745417327
46.28707984000001 1.9869516394101083
46.316238350000006 1.9869397040456533
46.345396860000015 1.9869277676334605
46.37455537000001 1.986915830639191
46.40371388000001 1.9869038929464296
46.43287239000001 1.9868919542059302
46.46203090000001 1.986880014766939
46.49118941000001 1.9868680747458711
46.52034792000001 1.9868561343755573
46.549506430000015 1.9868441924918443
46.57866494000001 1.9868322503753006
46.60782345000001 1.986820307211019
46.636981960000014 1.9868083635810763
46.666140470000016 1.9867964191362262
46.69529898000001 1.9867844737600535
46.72445749000001 1.9867725279182196
46.75361600000001 1.9867605813778937
46.78277451000002 1.9867486339062452
46.81193302000001 1.9867366857361048
46.841091530000014 1.9867247366346419
46.87025004000001 1.986712786834687
46.89940855000001 1.9867008368019015
46.92856706000001 1.9866888851393014
46.957725570000015 1.986676933709532
46.98688408000001 1.98666498134844
47.01604259000001 1.9866530275903642
47.04520110000001 1.9866410738322884
47.074359610000016 1.9866291186772287
47.10351812000001 1.9866171630565077
47.13267663000001 1.9866052067372948
47.16183514000001 1.9865932494867593
47.19099365000001 1.9865812917705625
47.220152160000005 1.9865693331230432
47.249310670000014 1.986557373777032
47.27846918000001 1.98654541419819
47.30762769000001 1.9865334532223642
47.336786200000006 1.9865214922465384
47.365944710000015 1.9865095294080675
47.39510322000002 1.9864975665695965
47.42426173000001 1.9864856025669724
47.453420240000014 1.9864736383315176
47.48257875000001 1.9864616731647402
47.51173726000002 1.986449707299471
47.54089577000001 1.9864377402700484
47.570054280000015 1.9864257732406259
47.59921279000001 1.9864138050470501
47.62837130000001 1.986401836387813
47.65752981000001 1.9863898665644228
47.686688320000016 1.98637789580971
47.71584683000001 1.9863659248221666
47.74500534000001 1.9863539531361312
47.77416385000001 1.9863419802859426
47.80332236000001 1.986330007435754
47.83248087000001 1.9863180331885815
47.861639380000014 1.986306058242917
47.89079789000001 1.9862940825987607
47.91995640000001 1.9862821062561125
47.949114910000006 1.986270129447803
47.978273420000015 1.9862581517081708
48.00743193000001 1.986246173037216
48.03659044000001 1.9862341936677694
48.06574895000001 1.9862222140654922
48.09490746000001 1.9862102328334004
48.12406597000001 1.9861982516013086
48.15322448000001 1.9861862696707249
48.18238299000001 1.9861742863431573
48.21154150000001 1.986162302782759
48.24070001000001 1.9861503180582076
48.269858520000014 1.9861383331008255
48.299017030000016 1.986126347212121
48.32817554000001 1.9861143606249243
48.35733405000001 1.9861023731064051
48.38649256000001 1.9860903851222247
48.41565107000002 1.986078396672383
48.44480958000001 1.9860664065927267
48.473968090000014 1.9860544162802398
48.50312660000001 1.986042425269261
48.53228511000001 1.986030433094129
48.56144362000001 1.986018440918997
48.590602130000015 1.986006447346881
48.61976064000001 1.9859944533091038
48.64891915000001 1.9859824585728347
48.67807766000001 1.9859704631380737
48.707236170000016 1.98595846677199
48.73639468000001 1.9859464694745839
48.76555319000001 1.9859344721771777
48.79471170000001 1.9859224734827876
48.82387021000001 1.9859104743227363
48.85302872000001 1.9858984746970236
48.882187230000014 1.9858864736743271
48.91134574000001 1.9858744721859694
48.94050425000001 1.9858624699991196
48.969662760000006 1.9858504675794393
48.998821270000015 1.9858384628314525
49.02797978000001 1.9858264590147883
49.05713829000001 1.9858144535683095
49.086296800000014 1.9858024481218308
49.11545531000001 1.9857904412783682
49.14461382000002 1.9857784339692444
49.17377233000001 1.9857664264272898
49.202930840000015 1.9857544174883515
49.23208935000001 1.9857424076180905
49.26124786000001 1.985730397514999
49.290406370000014 1.985718386247754
49.319564880000016 1.985706373816356
49.34872339000001 1.9856943616177887
49.37788190000001 1.9856823484878987
49.40704041000001 1.9856703346595168
49.43619892000002 1.985658319434151
49.46535743000001 1.9856463039759547
49.494515940000014 1.985634288052097
49.52367445000001 1.9856222711969167
49.55283296000001 1.9856102529447526
49.58199147000001 1.9855982346925884
49.611149980000015 1.9855862157419324
49.64030849000001 1.9855741958599538
49.66946700000001 1.9855621750466526
49.69862551000001 1.9855501535348594
49.727784020000016 1.985538131557405
49.75694253000001 1.985526108648628
49.78610104000001 1.9855140848085284
49.81525955000001 1.985502060269937
49.84441806000001 1.9854900354985148
49.87357657000002 1.9854780093301088
49.902735080000014 1.9854659826960415
49.931893590000016 1.9854539553634822
49.96105210000001 1.9854419275652617
49.99021061000001 1.985429898602888
50.019369120000015 1.9854178689420223
50.04852763000002 1.985405839048326
50.07768614000001 1.9853938079904765
50.10684465000001 1.9853817760013044
50.13600316000001 1.9853697430808097
50.16516167000002 1.985357710160315
50.19432018000001 1.9853456760756671
50.223478690000015 1.9853336412925273
50.25263720000001 1.9853216060437262
50.28179571000001 1.9853095696307719
50.31095422000001 1.9852975327521563
50.340112730000016 1.985285494942218
50.36927124000001 1.9852734566666186
50.39842975000001 1.9852614174596965
50.42758826000001 1.9852493777871132
50.45674677000002 1.985237337416038
50.48590528000001 1.9852252954151481
50.51506379000001 1.985213253647089
50.54422230000001 1.985201210482046
50.57338081000001 1.985189166618511
50.602539320000005 1.9851771229878068
50.631697830000014 1.9851650774944574
50.66085634000001 1.9851530317682773
50.69001485000001 1.9851409851107746
50.71917336000001 1.98512893775478
50.748331870000015 1.9851168897002935
50.77749038000002 1.9851048404816538
50.80664889000001 1.9850927907973528
50.835807400000014 1.9850807411130518
50.86496591000001 1.9850686902645975
50.89412442000002 1.98505663825199
50.92328293000001 1.9850445855408907
50.952441440000015 1.98503253236413
50.98159995000001 1.9850204784888774
51.01075846000001 1.9850084239151329
51.03991697000001 1.9849963679444045
51.069075480000016 1.984984311973676
51.09823399000001 1.9849722555372864
51.12739250000001 1.9849601979367435
51.15655101000001 1.9849481391720474
51.18570952000002 1.98493607994169
51.21486803000001 1.984924020478502
51.244026540000014 1.9849119593854994
51.27318505000001 1.9848998980596662
51.30234356000001 1.984887836035341
51.331502070000006 1.9848757730796933
51.360660580000015 1.9848637094255537
51.38981909000001 1.9848516453057528
51.41897760000001 1.9848395807202905
51.44813611000001 1.9848275145050138
51.47729462000001 1.9848154478240758
51.50645313000001 1.9848033806774765
51.53561164000001 1.984791312366724
51.564770150000015 1.9847792435903102
51.59392866000001 1.9847671745810658
51.62308717000001 1.9847551044076681
51.652245680000014 1.984743032604456
51.681404190000016 1.984730961266905
51.71056270000001 1.9847188889980316
51.73972121000001 1.9847068157978356
51.76887972000001 1.984694742364809
51.79803823000002 1.9846826668363065
51.82719674000001 1.9846705910749733
51.856355250000014 1.9846585157793015
51.88551376000001 1.9846464386209846
51.91467227000001 1.9846343607641757
51.94383078000001 1.984622282674536
51.972989290000015 1.9846102034207433
52.00214780000001 1.9845981230027974
52.03130631000001 1.9845860430505127
52.06046482000001 1.9845739612355828
52.089623330000016 1.9845618798863143
52.11878184000001 1.9845497969072312
52.14794035000001 1.984537712763995
52.17709886000001 1.9845256286207587
52.20625737000001 1.9845135442446917
52.23541588000001 1.984501458471641
52.264574390000014 1.984489371534437
52.29373290000001 1.984477283898741
52.32289141000001 1.9844651967287064
52.35204992000001 1.9844531076960266
52.381208430000015 1.9844410177320242
52.41036694000002 1.9844289280008525
52.43952545000001 1.9844168364070356
52.468683960000014 1.9844047450460494
52.49784247000001 1.9843926527537405
52.52700098000002 1.9843805595301092
52.55615949000001 1.9843684658408165
52.585318000000015 1.98435637075454
52.61447651000001 1.9843442756682634
52.64363502000001 1.9843321789521724
52.672793530000014 1.9843200827017426
52.701952040000016 1.9843079848214984
52.73111055000001 1.9842958864755929
52.76026906000001 1.9842837874311954
52.78942757000001 1.984271687688306
52.81858608000002 1.984259587014094
52.84774459000001 1.98424748564139
52.876903100000014 1.9842353840358555
52.90606161000001 1.9842232812661678
52.93522012000001 1.9842111770994961
52.96437863000001 1.9841990729328245
52.993537140000015 1.984186968067661
53.02269565000001 1.9841748622711748
53.05185416000001 1.984162756241858
53.08101267000001 1.9841506485827267
53.110171180000016 1.9841385409235954
53.13932969000001 1.984126432100311
53.16848820000001 1.9841143221128732
53.197646710000015 1.9841022125910968
53.22680522000001 1.9840901009738445
53.25596373000002 1.984077989589423
53.285122240000014 1.9840658768080175
53.314280750000016 1.9840537642594427
53.34343926000001 1.9840416500810534
53.37259777000001 1.9840295354370028
53.401756280000015 1.984017419628799
53.43091479000002 1.9840053042862564
53.46007330000001 1.98399318754673
53.489231810000014 1.9839810696430504
53.51839032000001 1.983968951040879
53.54754883000002 1.9839568322058767
53.57670734000001 1.983944712439552
53.605865850000015 1.9839325919747353
53.63502436000001 1.983920470578596
53.66418287000001 1.9839083484839648
53.693341380000014 1.9838962256908417
53.722499890000016 1.9838841021992266
53.75165840000001 1.983871977776289
53.78081691000001 1.9838598533533514
53.80997542000001 1.9838477273005992
53.83913393000002 1.9838356007821858
53.86829244000001 1.9838234735652804
53.897450950000014 1.9838113458827138
53.92660946000001 1.983799217035994
53.95576797000001 1.9837870872579515
53.98492648000001 1.9837749572470784
54.014084990000015 1.9837628263048828
54.04324350000002 1.9837506946641952
54.07240201000001 1.9837385625578463
54.101560520000014 1.9837264290545136
54.130719030000016 1.9837142953183502
54.15987754000002 1.9837021604180336
54.18903605000001 1.9836900250520557
54.218194560000015 1.9836778896860778
54.24735307000001 1.9836657524574548
54.27651158000002 1.9836536147631705
54.305670090000014 1.9836414761375636
54.334828600000016 1.9836293382104486
54.36398711000001 1.9836171981878579
54.39314562000001 1.9836050567682832
54.42230413000001 1.9835929155815393
54.45146264000002 1.983580773929134
54.48062115000001 1.9835686315782368
54.509779660000014 1.9835564873646945
54.53893817000001 1.9835443433839828
54.56809668000002 1.9835321984719485
54.59725519000001 1.983520053094253
54.626413700000015 1.9835079063195735
54.65557221000001 1.9834957588464022
54.68473072000001 1.9834836113732308
54.71388923000001 1.9834714629687369
54.743047740000016 1.9834593127015978
54.77220625000001 1.9834471631329507
54.80136476000001 1.9834350124001503
54.83052327000001 1.9834228607360274
54.85968178000001 1.9834107079077512
54.88884029000002 1.983398555079475
54.917998800000014 1.9833864013198763
54.947157310000016 1.9833742468617857
54.97631582000001 1.9833620912395418
55.00547433000001 1.9833499358501285
55.034632840000015 1.9833377785980701
55.06379135000002 1.9833256204146892
55.09294986000001 1.9833134622313082
55.122108370000014 1.9833013038150966
55.15126688000001 1.9832891442347318
55.18042539000002 1.983276983257383
55.20958390000001 1.9832648222800344
55.238742410000015 1.9832526608370245
55.26790092000001 1.9832404977642
55.29705943000001 1.983228333760053
55.326217940000014 1.9832161697559059
55.355376450000016 1.9832040050532669
55.38453496000001 1.9831918391864747
55.41369347000001 1.9831796728540212
55.44285198000001 1.9831675053574145
55.47201049000002 1.9831553378608078
55.50116900000001 1.9831431696657091
55.53032751000001 1.9831309996079654
55.55948602000001 1.9831188288517296
55.58864453000001 1.9831066590268165
55.61780304000001 1.9830944871064276
55.646961550000015 1.9830823151860386
55.67612006000002 1.9830701418686658
55.70527857000001 1.9830579676199704
55.73443708000001 1.9830457931384444
55.763595590000016 1.9830336181912571
55.79275410000002 1.983021441847086
55.82191261000001 1.983009265968576
55.851071120000015 1.9829970877617598
55.88022963000001 1.9829849090892822
55.90938814000002 1.9829727306496352
55.93854665000001 1.9829605508130044
55.967705160000015 1.982948370743543
55.99686367000001 1.982936189044267
56.02602218000001 1.9829240071121603
56.055180690000014 1.9829118244815618
56.08433920000002 1.9828996404539794
56.11349771000001 1.982887456426397
56.14265622000001 1.9828752719331533
56.17181473000001 1.9828630862757564
56.20097324000002 1.9828508994542062
56.23013175000001 1.982838712632656
56.259290260000014 1.982826525112614
56.28844877000001 1.9828143364284188
56.31760728000001 1.982802146812901
56.34676579000001 1.9827899569645524
56.375924300000015 1.9827777661848813
56.40508281000001 1.9827655747067183
56.43424132000001 1.982753382064402
56.46339983000001 1.9827411889564246
56.492558340000016 1.9827289949171245
56.52171685000002 1.9827168006449938
56.55087536000001 1.9827046049758792
56.580033870000015 1.982692409772426
56.60919238000001 1.9826802127063274
56.63835089000002 1.9826680151745677
56.667509400000014 1.9826558167114854
56.696667910000016 1.9826436184812337
56.72582642000001 1.982631418388337
56.75498493000001 1.9826192185282707
56.784143440000015 1.9826070165727288
56.81330195000002 1.9825948148500174
56.84246046000001 1.9825826124288142
56.871618970000014 1.9825704088434577
56.90077748000001 1.9825582038611174
56.92993599000002 1.982545999577269
56.95909450000001 1.982533794362098
56.988253010000015 1.9825215879827738
57.01741152000001 1.9825093809049577
57.04657003000001 1.982497172895819
57.075728540000014 1.982484964421019
57.104887050000016 1.9824727547820657
57.13404556000001 1.9824605451431125
57.16320407000001 1.9824483341071755
57.19236258000001 1.9824361228384078
57.22152109000002 1.9824239101726562
57.25067960000001 1.9824116968084127
57.279838110000014 1.9823994839098305
57.30899662000001 1.9823872693814337
57.33815513000001 1.982375054154545
57.36731364000002 1.9823628379963338
57.396472150000015 1.9823506213724613
57.42563066000002 1.982338403351605
57.45478917000001 1.9823261855635792
57.483947680000014 1.982313966844231
57.513106190000016 1.9823017467278987
57.54226470000002 1.982289526378736
57.57142321000001 1.982277304166928
57.600581720000015 1.9822650833521038
57.62974023000001 1.9822528606746346
57.65889874000002 1.9822406370658427
57.688057250000014 1.982228412758559
57.717215760000016 1.9822161882184446
57.74637427000001 1.982203962514177
57.77553278000001 1.9821917358785868
57.80469129000001 1.982179509010166
57.83384980000002 1.9821672814432532
57.86300831000001 1.9821550536435097
57.892166820000014 1.9821428230497986
57.92132533000001 1.98213059338741
57.95048384000002 1.982118362793699
57.97964235000001 1.9821061315014958
58.008800860000015 1.9820938985794783
58.03795937000001 1.9820816656574607
58.06711788000001 1.9820694325026125
58.09627639000001 1.9820571977179497
58.125434900000016 1.9820449627004564
58.15459341000001 1.9820327265188098
58.18375192000001 1.982020489871502
58.212910430000015 1.9820082520600408
58.24206894000001 1.981996014015749
58.27122745000002 1.981983775505796
58.300385960000014 1.9819715358316898
58.329544470000016 1.9819592949934304
58.35870298000001 1.9819470539223403
58.38786149000002 1.9819348123855889
58.417020000000015 1.981922569917515
58.44617851000002 1.9819103262852877
58.47533702000001 1.9818980819545686
58.504495530000014 1.9818858376238495
58.53365404000001 1.9818735923618078
58.56281255000002 1.9818613457027823
58.59197106000001 1.9818490981124341
58.621129570000015 1.9818368507549167
58.65028808000001 1.9818246024660766
58.67944659000001 1.9818123530130833
58.708605100000014 1.9818001023959368
58.737763610000016 1.9817878522444516
58.76692212000001 1.9817756009288132
58.79608063000001 1.981763348216191
58.82523914000001 1.9817510948050767
58.85439765000002 1.9817388420924544
58.88355616000001 1.9817265870515257
58.912714670000014 1.9817143317777663
58.94187318000001 1.9817020755726844
58.97103169000001 1.9816898198332638
59.00019020000002 1.981677562231198
59.029348710000015 1.9816653036978096
59.05850722000002 1.9816530451644212
59.08766573000001 1.9816407856997102
59.116824240000014 1.9816285246051848
59.145982750000016 1.9816162635106593
59.17514126000002 1.9816040024161339
59.20429977000001 1.981591739691794
59.233458280000015 1.9815794760361314
59.26261679000001 1.981567211681977
59.29177530000002 1.9815549473278224
59.320933810000014 1.9815426825080067
59.350092320000016 1.9815304151270539
59.37925083000001 1.9815181479789317
59.40840934000001 1.9815058803651482
59.437567850000015 1.9814936120528728
59.46672636000002 1.9814813428092748
59.49588487000001 1.9814690728671849
59.525043380000014 1.981456802226603
59.55420189000001 1.9814445308875293
59.58336040000002 1.9814322583843023
59.61251891000001 1.9814199858810753
59.641677420000015 1.9814077117480338
59.67083593000001 1.9813954376149923
59.69999444000001 1.9813831623177975
59.729152950000014 1.981370886322111
59.758311460000016 1.9813586100935936
59.78746997000001 1.9813463329337537
