  0.100000001       2.04234109E-16  -6.16123973E-15  0.668006063    
  0.129158512      -9.92512444E-16  -5.88122419E-15  0.677873373    
  0.158317015       9.84270218E-17  -8.57806613E-15  0.688968003    
  0.187475532      -7.13209047E-16  -2.52698028E-15  0.700403929    
  0.216634035      -1.01676554E-15  -7.09703623E-15  0.712926209    
  0.245792553      -5.83037236E-16  -3.83189659E-15  0.726270676    
  0.274951071      -2.86692039E-16  -5.74915312E-15  0.739692688    
  0.304109573      -6.86132421E-16  -4.82344987E-15  0.753188133    
  0.333268076      -2.46445549E-15   3.46171539E-16  0.767198503    
  0.362426579       2.25137694E-15  -2.76771742E-15  0.781613648    
  0.391585112      -1.68328761E-15   1.60003073E-15  0.795979679    
  0.420743614      -2.48760702E-15  -1.15091483E-14  0.811003387    
  0.449902117      -1.59956412E-15  -2.81895995E-15  0.825558901    
  0.479060620      -6.46283968E-16  -1.20234778E-16  0.840647101    
  0.508219123      -1.05631414E-15   1.41808117E-15  0.855303943    
  0.537377656       1.11202286E-15  -3.96738543E-15  0.870554626    
  0.566536188      -3.38918444E-15  -6.82549356E-15  0.885561645    
  0.595694661      -7.07325154E-15  -6.70907640E-16  0.900503278    
  0.624853194       2.89147429E-16  -2.01626897E-15  0.915818632    
  0.654011667      -2.15236302E-15  -4.77428850E-15  0.931112349    
  0.683170199      -5.54721242E-15   7.04532836E-16  0.946489811    
  0.712328732      -4.88238388E-15  -1.00798776E-14  0.961483121    
  0.741487205      -4.35844784E-15  -3.75894460E-15  0.976891398    
  0.770645738      -9.21912671E-16  -1.21662487E-15  0.992360115    
  0.799804211      -4.48525630E-15  -1.08960548E-14   1.00780118    
  0.828962743      -8.26313590E-15  -5.45567653E-15   1.02306843    
  0.858121276      -5.66880612E-15   5.01468704E-15   1.03856409    
  0.887279749      -3.98405631E-15   1.49113978E-15   1.05403590    
  0.916438282       1.60035208E-15   1.02417665E-15   1.06958055    
  0.945596814      -8.99653683E-15  -6.27963376E-15   1.08497763    
  0.974755287       4.53649882E-16  -3.25244177E-15   1.10077548    
   1.00391376      -4.66432330E-15   1.23254401E-15   1.11639106    
   1.03307235      -9.07787825E-15  -8.47401491E-15   1.13204050    
   1.06223083      -5.12361336E-15  -7.56438623E-15   1.14750600    
   1.09138930      -8.25288849E-15  -1.97718877E-15   1.16334856    
   1.12054789      -5.40262093E-15  -6.80395817E-15   1.17916656    
   1.14970636       5.71263742E-16  -1.30937667E-15   1.19483793    
   1.17886484      -9.02727269E-16  -2.77709154E-15   1.21079135    
   1.20802343      -6.16607714E-15   1.85442173E-15   1.22681844    
   1.23718190       4.65960490E-15  -8.65923645E-15   1.24260294    
   1.26634037      -8.73355174E-15   6.66700310E-15   1.25865042    
   1.29549897      -7.04386797E-15  -3.52150051E-15   1.27484584    
   1.32465744      -8.43533378E-16  -4.81319696E-16   1.29092288    
   1.35381591      -8.49091746E-15  -2.23489749E-15   1.30710816    
   1.38297439      -8.44202248E-15  -2.03427244E-15   1.32341063    
   1.41213298      -7.30374657E-15  -1.03857219E-15   1.33975422    
   1.44129145      -1.04065316E-14   1.02108771E-14   1.35616434    
   1.47044992      -1.30633021E-14  -5.45666587E-15   1.37272382    
   1.49960852      -5.12237669E-15   5.23242829E-15   1.38931835    
   1.52876699      -4.19255559E-15  -1.19222428E-14   1.40589678    
   1.55792546      -8.41127169E-16   9.35771761E-15   1.42272556    
   1.58708405      -1.28057050E-14  -5.69567570E-15   1.43955946    
   1.61624253      -8.32967965E-15   1.20086042E-15   1.45652223    
   1.64540100      -1.43610523E-14  -4.79007338E-15   1.47362816    
   1.67455959      -2.47635948E-15   5.74046468E-15   1.49084496    
   1.70371807      -1.44966453E-14  -5.17193151E-15   1.50809443    
   1.73287654      -7.00333151E-15  -2.94553929E-15   1.52552092    
   1.76203501      -6.20629299E-15  -4.98160236E-15   1.54301608    
   1.79119360      -9.76233847E-16   7.41127910E-15   1.56071198    
   1.82035208      -1.60701666E-14  -1.89988982E-15   1.57852304    
   1.84951055      -2.71155596E-15   7.08488173E-15   1.59644902    
   1.87866914       6.51767924E-15  -3.20129877E-15   1.61454308    
   1.90782762      -1.70217234E-14   1.08834342E-15   1.63276720    
   1.93698609      -9.82248120E-15   1.19024638E-14   1.65116620    
   1.96614468      -1.37142478E-14   1.83740907E-15   1.66970885    
   1.99530315      -1.22784617E-14   6.10416496E-15   1.68842590    
   2.02446175      -2.03221060E-14   1.49608899E-15   1.70730996    
   2.05362010      -3.28973231E-14   1.60837987E-14   1.72637081    
   2.08277869      -2.06030431E-14   1.68581029E-15   1.74561691    
   2.11193728      -1.22344854E-14   9.43578610E-15   1.76504517    
   2.14109564      -1.52694900E-14   7.88988659E-15   1.78467071    
   2.17025423      -6.24649402E-15  -4.45706704E-15   1.80449021    
   2.19941282      -2.20185639E-14   2.47708009E-15   1.82451642    
   2.22857118      -4.02357591E-16   2.50454672E-16   1.84475005    
   2.25772977      -2.48604712E-14   2.56896944E-14   1.86519659    
   2.28688836      -2.04161131E-14   6.58348227E-15   1.88586402    
   2.31604671      -2.27251757E-14   6.60310675E-15   1.90675640    
   2.34520531      -1.91908985E-14   1.08792065E-14   1.92787695    
   2.37436366      -2.47323202E-15   1.10674790E-14   1.94923437    
   2.40352225      -2.71433216E-14   2.27920896E-14   1.97082198    
   2.43268085      -1.51056417E-14   6.80157631E-15   1.99265897    
   2.46183920      -4.77496460E-14   4.53940915E-14   2.01473784    
   2.49099779      -3.13227126E-14   1.24009181E-14   2.03707886    
   2.52015638      -3.79015184E-15   2.04766361E-15   2.05966735    
   2.54931474      -4.29934070E-14   2.84350316E-14   2.08251476    
   2.57847333      -2.49606312E-14   1.97232960E-14   2.10560632    
   2.60763192      -3.46161935E-14   1.69579079E-14   2.12897396    
   2.63679028      -2.78965338E-14   1.76325798E-14   2.15261412    
   2.66594887      -4.49397193E-14   3.95632522E-14   2.17651224    
   2.69510746      -3.41691939E-14   2.84684826E-14   2.20068216    
   2.72426581      -6.58676808E-14   5.12325032E-14   2.22513652    
   2.75342441      -5.36142650E-14   4.87466072E-14   2.24984407    
   2.78258300      -4.52434111E-14   4.62999322E-14   2.27480412    
   2.81174135      -5.58883553E-14   5.17244972E-14   2.30005503    
   2.84089994       2.12814622E-14  -1.71498083E-14   2.32558393    
   2.87005854      -2.56001139E-14   1.66856478E-14   2.35135651    
   2.89921689      -3.38622224E-14   3.02368028E-14   2.37739229    
   2.92837548      -5.51137471E-14   3.57921768E-14   2.40373373    
   2.95753407      -2.25602499E-14   1.35977130E-14   2.43028927    
   2.98669243      -5.76031532E-14   3.96919537E-14   2.45711279    
   3.01585102      -4.59059535E-14   3.62986652E-14   2.48418093    
   3.04500961       1.00114687E-14  -1.02593308E-14   2.51153040    
   3.07416797      -6.52862028E-14   4.86745687E-14   2.53911161    
   3.10332656      -1.42425053E-13   1.26141312E-13   2.56688619    
   3.13248515      -9.93444625E-14   9.72547035E-14   2.59485650    
   3.16164351      -1.33734495E-13   1.27336103E-13   2.62320471    
   3.19080210      -2.26132098E-14   2.17554500E-14   2.65166593    
   3.21996045      -7.19587828E-14   5.62675279E-14   2.68034530    
   3.24911904       4.39971571E-15  -2.04869593E-15   2.70925093    
   3.27827764      -1.28215093E-13   1.23073670E-13   2.73834419    
   3.30743599      -9.58331789E-14   1.05682675E-13   2.76762009    
   3.33659458      -3.48234964E-14   3.15870817E-14   2.79707217    
   3.36575317      -1.40246850E-13   1.26474514E-13   2.82669592    
   3.39491153      -4.40900165E-14   3.62669116E-14   2.85647583    
   3.42407012      -8.96751274E-14   8.72454574E-14   2.88644218    
   3.45322871      -2.70485301E-14   1.88872863E-14   2.91657376    
   3.48238707      -1.42125298E-13   1.30699854E-13   2.94679427    
   3.51154566      -1.81065666E-13   1.82979107E-13   2.97715211    
   3.54070425      -1.89757281E-13   1.89718724E-13   3.00763392    
   3.56986260      -1.55020189E-13   1.46979624E-13   3.03823709    
   3.59902120      -2.49928794E-13   2.48241911E-13   3.06887054    
   3.62817979      -5.96490563E-14   5.51217837E-14   3.09968448    
   3.65733814      -2.01019553E-13   2.02988546E-13   3.13057160    
   3.68649673      -2.24973699E-13   2.12684281E-13   3.16149855    
   3.71565533      -1.46868832E-13   1.33542686E-13   3.19254732    
   3.74481368      -1.18066106E-13   1.24253824E-13   3.22359395    
   3.77397227      -1.53383843E-13   1.35711036E-13   3.25471854    
   3.80313087      -1.06416856E-13   1.04604727E-13   3.28590107    
   3.83228922       5.48273788E-14  -4.41686415E-14   3.31712794    
   3.86144781      -1.80805146E-13   1.84047249E-13   3.34840465    
   3.89060640      -1.19716479E-13   1.25567105E-13   3.37964177    
   3.91976476      -1.86337816E-13   1.71634435E-13   3.41098070    
   3.94892335      -1.01913127E-13   9.79250386E-14   3.44226265    
   3.97808194      -1.15536920E-13   1.11732658E-13   3.47357416    
   4.00724030       2.70795264E-14  -1.26606142E-14   3.50489736    
   4.03639889      -2.66948735E-14   3.77419518E-14   3.53622961    
   4.06555748      -1.19793539E-13   1.14664842E-13   3.56756973    
   4.09471607      -2.73041545E-13   2.71387269E-13   3.59885025    
   4.12387419      -2.27115947E-13   2.13569234E-13   3.63009787    
   4.15303278      -2.12485682E-13   2.04489230E-13   3.66141963    
   4.18219137      -4.64482890E-13   4.70287600E-13   3.69265485    
   4.21134996      -3.24892565E-13   3.21596347E-13   3.72387719    
   4.24050856      -3.85742003E-13   3.93636594E-13   3.75506115    
   4.26966715      -3.54043428E-13   3.50517168E-13   3.78618455    
   4.29882526      -5.54005030E-13   5.51427719E-13   3.81730938    
   4.32798386      -3.12447469E-13   3.09128157E-13   3.84840178    
   4.35714245      -3.18227866E-13   3.17592063E-13   3.87945294    
   4.38630104      -3.42356216E-13   3.40592246E-13   3.91044116    
   4.41545963      -2.24433007E-13   2.14466181E-13   3.94139981    
   4.44461823       8.23007230E-14  -8.08224405E-14   3.97232556    
   4.47377634       2.33375900E-13  -2.22696861E-13   4.00314283    
   4.50293493      -3.02527643E-13   2.99648734E-13   4.03399706    
   4.53209352      -2.36125111E-13   2.25217143E-13   4.06479263    
   4.56125212      -1.35291612E-13   1.39371628E-13   4.09547901    
   4.59041071      -3.62747511E-13   3.59644470E-13   4.12617254    
   4.61956882      -2.63114752E-13   2.52539390E-13   4.15682554    
   4.64872742      -4.81336433E-13   4.90141022E-13   4.18739462    
   4.67788601      -2.81634904E-13   2.73014467E-13   4.21792173    
   4.70704460      -4.17265913E-13   4.18327482E-13   4.24841356    
   4.73620319      -2.57313268E-13   2.50606637E-13   4.27879381    
   4.76536179      -6.21744626E-13   6.15576925E-13   4.30919361    
   4.79451990      -6.04195513E-13   6.03483301E-13   4.33954048    
   4.82367849      -1.73192176E-13   1.69237129E-13   4.36979818    
   4.85283709      -1.24610269E-13   1.22338622E-13   4.40005302    
   4.88199568      -3.15822509E-13   3.17190447E-13   4.43020868    
   4.91115427      -3.07525598E-13   3.02616981E-13   4.46031904    
   4.94031286      -1.87740177E-13   1.87868831E-13   4.49044228    
   4.96947098      -1.35359294E-13   1.31396250E-13   4.52049065    
   4.99862957      -3.45613973E-13   3.51754406E-13   4.55047655    
   5.02778816       1.15649799E-13  -1.03982659E-13   4.58042383    
   5.05694675      -2.84008656E-13   2.94715044E-13   4.61027479    
   5.08610535      -5.77185001E-13   5.75969611E-13   4.64014387    
   5.11526394      -5.33474306E-13   5.38505547E-13   4.66996908    
   5.14442205      -6.22838369E-13   6.27375484E-13   4.69973087    
   5.17358065      -1.00187606E-13   1.04801157E-13   4.72944069    
   5.20273924      -6.83919609E-13   6.90366221E-13   4.75915623    
   5.23189783      -3.62780362E-13   3.70236041E-13   4.78877831    
   5.26105642      -4.67681015E-13   4.66242550E-13   4.81839705    
   5.29021502      -3.60621445E-13   3.58274337E-13   4.84793711    
   5.31937313      -2.83871939E-13   2.78873929E-13   4.87746191    
   5.34853172      -8.27795948E-13   8.26340461E-13   4.90694284    
   5.37769032      -3.72794379E-13   3.73013198E-13   4.93638802    
   5.40684891      -5.83222869E-13   5.84800763E-13   4.96579647    
   5.43600750       1.36308811E-13  -1.28523968E-13   4.99516487    
   5.46516562      -2.58163960E-13   2.55858973E-13   5.02450323    
   5.49432421      -2.88326519E-13   2.97746880E-13   5.05381012    
   5.52348280      -4.50341777E-13   4.48433798E-13   5.08307886    
   5.55264139      -2.60195646E-13   2.54160164E-13   5.11231232    
   5.58179998      -5.55831368E-13   5.59947488E-13   5.14151812    
   5.61095858      -2.85650382E-13   2.93940789E-13   5.17069578    
   5.64011669      -1.42132603E-13   1.60531839E-13   5.19983387    
   5.66927528      -5.63842267E-13   5.85413499E-13   5.22894621    
   5.69843388      -4.89437646E-13   4.97404364E-13   5.25802994    
   5.72759247      -4.08148369E-13   4.10654746E-13   5.28708172    
   5.75675106      -5.73618572E-13   5.72129746E-13   5.31610632    
   5.78590965      -4.50093142E-13   4.58755213E-13   5.34510803    
   5.81506777      -2.29597211E-13   2.33853247E-13   5.37408066    
   5.84422636       4.02818817E-14  -3.24563374E-14   5.40302372    
   5.87338495      -7.44839913E-14   9.46301821E-14   5.43194437    
   5.90254354      -4.49714322E-13   4.53848439E-13   5.46084070    
   5.93170214      -4.02652575E-13   4.09516740E-13   5.48971081    
   5.96086073      -3.62222595E-13   3.72978260E-13   5.51855850    
   5.99001884      -1.48913325E-13   1.56901103E-13   5.54738188    
   6.01917744      -8.09356380E-13   8.30238818E-13   5.57618570    
   6.04833603      -5.77526579E-13   5.81763207E-13   5.60496283    
   6.07749462      -4.40363973E-13   4.60796006E-13   5.63372135    
   6.10665321      -2.52735550E-13   2.57784977E-13   5.66245842    
   6.13581181      -7.31162255E-13   7.38181868E-13   5.69117355    
   6.16496992      -5.08183014E-13   5.13961161E-13   5.71986914    
   6.19412851      -4.08652658E-13   4.23916354E-13   5.74854612    
   6.22328711      -5.30770686E-13   5.36260218E-13   5.77719927    
   6.25244570      -1.58416710E-13   1.64656212E-13   5.80584049    
   6.28160429      -3.08536210E-13   3.20081526E-13   5.83445883    
   6.31076241      -2.26191123E-13   2.36663255E-13   5.86306000    
   6.33992100      -2.16431270E-13   2.18439606E-13   5.89164400    
   6.36907959      -1.87958183E-13   2.07495777E-13   5.92021084    
   6.39823818      -5.13114995E-13   5.21509539E-13   5.94876099    
   6.42739677      -1.28205592E-13   1.26086085E-13   5.97729540    
   6.45655537      -1.35534596E-13   1.40276896E-13   6.00581169    
   6.48571348      -1.60028566E-13   1.71517775E-13   6.03431559    
   6.51487207      -7.43022248E-14   9.01267721E-14   6.06280327    
   6.54403067      -3.30637102E-13   3.39134807E-13   6.09127283    
   6.57318926      -6.34163607E-14   8.33839494E-14   6.11973095    
   6.60234785       2.19094911E-13  -2.06787658E-13   6.14817524    
   6.63150644       8.92691005E-14  -7.49497103E-14   6.17660427    
   6.66066456      -6.17877806E-14   8.65003056E-14   6.20502090    
   6.68982315      -1.97473561E-13   2.06009553E-13   6.23342133    
   6.71898174      -1.96080226E-13   2.07037566E-13   6.26180983    
   6.74814034       2.25074178E-13  -2.14309066E-13   6.29018736    
   6.77729893      -3.85274413E-13   3.92437656E-13   6.31855059    
   6.80645752      -1.87080020E-13   1.94971047E-13   6.34690046    
   6.83561563       2.85339731E-13  -2.85657647E-13   6.37524080    
   6.86477423      -4.32120512E-13   4.36618325E-13   6.40356970    
   6.89393282      -5.65390189E-14   5.70409198E-14   6.43188429    
   6.92309141       4.77569752E-13  -4.60776003E-13   6.46019125    
   6.95225000      -7.27442900E-13   7.51769740E-13   6.48848629    
   6.98140860       3.10764028E-13  -2.97862592E-13   6.51676750    
   7.01056671       2.58641931E-13  -2.45565070E-13   6.54503965    
   7.03972530       2.79350165E-13  -2.71463868E-13   6.57330179    
   7.06888390      -6.49193102E-13   6.71104069E-13   6.60155392    
   7.09804249      -1.28501796E-13   1.40898469E-13   6.62979937    
   7.12720108      -2.43467762E-13   2.53348178E-13   6.65803099    
   7.15635920       2.37698424E-13  -2.37092111E-13   6.68625212    
   7.18551779      -6.05773190E-13   6.20954189E-13   6.71446562    
   7.21467638      -2.86026790E-13   2.95946454E-13   6.74266958    
   7.24383497      -4.83039978E-15   2.01046895E-14   6.77086401    
   7.27299356       2.71098329E-13  -2.57700409E-13   6.79905415    
   7.30215216       1.68527640E-13  -1.31805496E-13   6.82723045    
   7.33131027       3.32130265E-13  -3.19179823E-13   6.85539913    
   7.36046886       8.73440426E-13  -8.58401241E-13   6.88356209    
   7.38962746      -1.23360726E-13   1.35241942E-13   6.91171360    
   7.41878605      -7.64215893E-14   8.30288461E-14   6.93985891    
   7.44794464      -1.63552562E-13   1.67055958E-13   6.96799469    
   7.47710323      -1.21798893E-13   1.23749887E-13   6.99612427    
   7.50626135       2.87010080E-13  -2.80962916E-13   7.02424717    
   7.53541994       1.32056204E-13  -1.24735292E-13   7.05236197    
   7.56457853       5.16812782E-14  -4.32629328E-14   7.08046818    
   7.59373713       7.82124962E-13  -7.68190470E-13   7.10857010    
   7.62289572      -5.41258797E-14   7.47925756E-14   7.13665962    
   7.65205431       1.89620455E-13  -1.76824010E-13   7.16474819    
   7.68121243       4.25945019E-14  -1.92918327E-14   7.19282627    
   7.71037102      -1.68571740E-13   1.79490849E-13   7.22089767    
   7.73952961       1.15218978E-13  -1.06210545E-13   7.24896479    
   7.76868820      -3.49606059E-13   3.73431510E-13   7.27702284    
   7.79784679       2.88076800E-13  -2.83623331E-13   7.30507755    
   7.82700539       6.59749273E-13  -6.45975515E-13   7.33312464    
   7.85616350       6.56879716E-13  -6.54387406E-13   7.36116600    
   7.88532209       6.73229539E-13  -6.59605454E-13   7.38920164    
   7.91448069       6.04955593E-13  -5.85113934E-13   7.41722918    
   7.94363928       8.55581272E-14  -7.65129740E-14   7.44525242    
   7.97279787       2.25198264E-13  -2.26178871E-13   7.47327042    
   8.00195599      -9.71968206E-14   1.14211226E-13   7.50128269    
   8.03111458       2.61590039E-13  -2.55463267E-13   7.52928877    
   8.06027317      -5.79278650E-13   5.93230651E-13   7.55729151    
   8.08943176      -2.18898969E-13   2.27238625E-13   7.58528757    
   8.11859035       4.47243940E-13  -4.40435069E-13   7.61327696    
   8.14774895       2.36731235E-13  -2.28653413E-13   7.64126158    
   8.17690754       2.65077565E-13  -2.53731877E-13   7.66923952    
   8.20606613       9.51080794E-13  -9.35600664E-13   7.69721842    
   8.23522472       8.77264841E-13  -8.60283361E-13   7.72518587    
   8.26438236       5.83134452E-13  -5.71004615E-13   7.75315332    
   8.29354095       3.02012864E-13  -2.96289767E-13   7.78111172    
   8.32269955      -2.27782508E-14   3.46993993E-14   7.80906916    
   8.35185814      -4.88922650E-13   5.02744764E-13   7.83702087    
   8.38101673       2.85855839E-13  -2.81547978E-13   7.86496830    
   8.41017532       3.88401910E-14  -2.37986849E-14   7.89291048    
   8.43933392       6.73317088E-13  -6.67011368E-13   7.92084885    
   8.46849251       4.64010124E-13  -4.49714593E-13   7.94878292    
   8.49765110       1.71659806E-13  -1.63267769E-13   7.97671223    
   8.52680969       4.59001110E-13  -4.41033278E-13   8.00463867    
   8.55596828       2.86861328E-13  -2.84076446E-13   8.03255939    
   8.58512688       3.21802074E-13  -3.06021322E-13   8.06047821    
   8.61428452       8.52046407E-13  -8.52091672E-13   8.08839035    
   8.64344311      -4.08908584E-13   4.14802334E-13   8.11629772    
   8.67260170       5.05116131E-13  -5.11592233E-13   8.14420509    
   8.70176029       5.11590119E-13  -5.14596558E-13   8.17210674    
   8.73091888       6.31705517E-13  -6.26139440E-13   8.20000267    
   8.76007748       7.81078219E-13  -7.83636014E-13   8.22789955    
   8.78923607       6.61920551E-13  -6.39574277E-13   8.25578785    
   8.81839466       1.67691476E-13  -1.55826957E-13   8.28367710    
   8.84755325      -8.87254815E-15   2.24192647E-14   8.31155968    
   8.87671185       4.54793538E-13  -4.50088832E-13   8.33943844    
   8.90587044       1.13226953E-13  -1.08395999E-13   8.36731625    
   8.93502808       4.45004276E-13  -4.53609833E-13   8.39518738    
   8.96418667       4.57661524E-13  -4.60359181E-13   8.42305660    
   8.99334526       3.95037762E-13  -3.88474138E-13   8.45092392    
   9.02250385       1.30251788E-12  -1.29142020E-12   8.47878742    
   9.05166245       3.96921997E-13  -3.92392390E-13   8.50664806    
   9.08082104       3.93594906E-13  -4.04188130E-13   8.53450394    
   9.10997963      -3.76247563E-13   3.80581363E-13   8.56235790    
   9.13913822      -1.84239238E-15   9.23828004E-15   8.59020805    
   9.16829681      -8.90570373E-14   8.59316416E-14   8.61805534    
   9.19745541       3.31682734E-13  -3.37136216E-13   8.64589977    
   9.22661400       4.96053448E-13  -4.94815235E-13   8.67374229    
   9.25577259       3.37045116E-13  -3.26440724E-13   8.70157909    
   9.28493023       1.74910881E-13  -1.79937499E-13   8.72941589    
   9.31408882       7.88848316E-13  -7.79910316E-13   8.75724697    
   9.34324741      -3.27521159E-13   3.29252278E-13   8.78507996    
   9.37240601       2.07553145E-13  -2.13541004E-13   8.81290722    
   9.40156460       2.06966849E-13  -2.01065374E-13   8.84073067    
   9.43072319       3.80115915E-13  -3.87473284E-13   8.86855412    
   9.45988178      -1.12148070E-13   1.06972624E-13   8.89637280    
   9.48904037       7.08365495E-13  -7.08567807E-13   8.92418957    
   9.51819897       3.83176868E-15  -6.49325399E-16   8.95200634    
   9.54735756       4.07724337E-13  -4.12011815E-13   8.97981739    
   9.57651615       3.38749374E-13  -3.37144700E-13   9.00762558    
   9.60567379       5.73461092E-13  -5.66261610E-13   9.03543186    
   9.63483238       2.35825953E-13  -2.33630010E-13   9.06323624    
   9.66399097       7.16793432E-13  -7.20637309E-13   9.09103680    
   9.69314957       1.83692647E-14  -1.81320904E-14   9.11883831    
   9.72230816       6.40860628E-13  -6.56328290E-13   9.14663315    
   9.75146675       8.18625224E-13  -8.26447417E-13   9.17442989    
   9.78062534       1.03735846E-12  -1.03278508E-12   9.20222282    
   9.80978394       1.15044009E-12  -1.14838185E-12   9.23001289    
   9.83894253       7.33696253E-13  -7.39249102E-13   9.25779915    
   9.86810112       8.64132930E-13  -8.40990526E-13   9.28558540    
   9.89725971       1.22705557E-12  -1.20486520E-12   9.31336880    
   9.92641830       5.25313842E-13  -5.35183280E-13   9.34115219    
   9.95557594       2.45591145E-13  -2.45631396E-13   9.36892891    
   9.98473454       4.71199516E-14  -2.36007570E-14   9.39670849    
   10.0138931       7.35721109E-13  -7.33853516E-13   9.42448044    
   10.0430517       7.05609833E-13  -7.07958486E-13   9.45225716    
   10.0722103       2.82918816E-13  -2.81217026E-13   9.48002625    
   10.1013689       4.98026967E-13  -4.75171877E-13   9.50779533    
   10.1305275       3.43057830E-13  -3.42949790E-13   9.53556347    
   10.1596861       6.21936964E-13  -6.22498147E-13   9.56332874    
   10.1888447       9.85577722E-13  -9.79666652E-13   9.59109211    
   10.2180033       8.34255733E-13  -8.38872374E-13   9.61885166    
   10.2471619       7.58956591E-13  -7.61693443E-13   9.64661312    
   10.2763205       3.12873425E-13  -3.25707614E-13   9.67437077    
   10.3054781       6.15116356E-13  -6.19762434E-13   9.70212936    
   10.3346367       5.25872531E-13  -5.12129293E-13   9.72988224    
   10.3637953       2.16724798E-14  -2.67521770E-14   9.75763416    
   10.3929539      -7.88065197E-13   7.86564011E-13   9.78538132    
   10.4221125       6.03663332E-13  -6.03581258E-13   9.81313324    
   10.4512711       1.87564604E-13  -1.93208459E-13   9.84088039    
   10.4804296       7.30354091E-13  -7.38412424E-13   9.86862564    
   10.5095882       1.28886810E-13  -1.31005422E-13   9.89637089    
   10.5387468       5.38162559E-13  -5.41920892E-13   9.92411232    
   10.5679054       1.11224409E-12  -1.11352214E-12   9.95185184    
   10.5970640       2.99120077E-13  -3.05032475E-13   9.97959042    
   10.6262217       5.79101654E-13  -5.86787617E-13   10.0073280    
   10.6553802       1.11118112E-15  -2.36984233E-15   10.0350628    
   10.6845388       9.56808742E-13  -9.55984749E-13   10.0627966    
   10.7136974       7.53283286E-13  -7.54060226E-13   10.0905304    
   10.7428560       1.69994728E-13  -1.79797204E-13   10.1182604    
   10.7720146       5.11866266E-13  -5.22708070E-13   10.1459875    
   10.8011732       8.92405073E-13  -8.70874987E-13   10.1737185    
   10.8303318       5.70311430E-13  -5.60902887E-13   10.2014446    
   10.8594904       4.15203055E-13  -4.13594777E-13   10.2291689    
   10.8886490       1.07320641E-12  -1.09111917E-12   10.2568932    
   10.9178076       2.47383602E-13  -2.57228998E-13   10.2846146    
   10.9469662       4.96701313E-13  -4.99569136E-13   10.3123350    
   10.9761238       4.27769582E-13  -4.41202332E-13   10.3400555    
   11.0052824       8.68508824E-13  -8.76141499E-13   10.3677731    
   11.0344410       1.43358383E-12  -1.41412132E-12   10.3954906    
   11.0635996       3.62328067E-14  -4.44823147E-14   10.4232044    
   11.0927582       4.91959609E-13  -4.99216228E-13   10.4509182    
   11.1219168       6.06466591E-13  -6.00272111E-13   10.4786291    
   11.1510754       4.62469093E-13  -4.56124776E-13   10.5063410    
   11.1802340       8.78875477E-13  -8.80360672E-13   10.5340538    
   11.2093925       6.66103511E-13  -6.68297340E-13   10.5617590    
   11.2385511       7.78321147E-13  -7.83925496E-13   10.5894670    
   11.2677097       7.29460763E-13  -7.33149706E-13   10.6171741    
   11.2968674       2.87013496E-13  -2.88248836E-13   10.6448803    
   11.3260260      -3.17438540E-13   3.12765926E-13   10.6725807    
   11.3551846       2.68642557E-13  -2.77470619E-13   10.7002850    
   11.3843431       3.65394564E-13  -3.60662346E-13   10.7279882    
   11.4135017      -6.03288578E-14   5.50065737E-14   10.7556858    
   11.4426603       2.81182494E-13  -2.86519154E-13   10.7833853    
   11.4718189       2.29321418E-13  -2.39451606E-13   10.8110828    
   11.5009775       2.22235343E-13  -2.36368434E-13   10.8387794    
   11.5301361       5.96240993E-13  -5.88114464E-13   10.8664751    
   11.5592947      -2.02507959E-13   1.98723104E-13   10.8941708    
   11.5884533       8.85992126E-14  -9.84318082E-14   10.9218626    
   11.6176119      -1.02431416E-13   1.08886099E-13   10.9495554    
   11.6467695       6.24348934E-13  -6.32475680E-13   10.9772472    
   11.6759281       7.51241625E-13  -7.52483850E-13   11.0049372    
   11.7050867       3.30684888E-13  -3.36752029E-13   11.0326252    
   11.7342453       7.10297489E-13  -7.18115021E-13   11.0603113    
   11.7634039       1.13117046E-12  -1.13746241E-12   11.0879993    
   11.7925625       1.05744610E-13  -1.09149716E-13   11.1156855    
   11.8217211       2.32826670E-13  -2.43139493E-13   11.1433697    
   11.8508797       5.89954246E-13  -6.00649088E-13   11.1710529    
   11.8800383       1.10743114E-13  -1.20488065E-13   11.1987371    
   11.9091969       1.34613382E-12  -1.34603689E-12   11.2264166    
   11.9383554       3.66791233E-13  -3.69277444E-13   11.2540998    
   11.9675140       6.14456335E-14  -7.33456061E-14   11.2817793    
   11.9966717       4.03303449E-13  -4.11187469E-13   11.3094587    
   12.0258303       4.73631496E-13  -4.92847354E-13   11.3371353    
   12.0549889       2.42808676E-13  -2.46422511E-13   11.3648129    
   12.0841475       2.29755234E-13  -2.26138729E-13   11.3924875    
   12.1133060      -7.25925532E-14   7.05816698E-14   11.4201641    
   12.1424646       1.30123465E-13  -1.18173212E-13   11.4478369    
   12.1716232       5.88657134E-14  -5.44117025E-14   11.4755116    
   12.2007818       8.88881200E-13  -8.91822152E-13   11.5031824    
   12.2299404       6.68221229E-13  -6.63323454E-13   11.5308533    
   12.2590990      -3.87188193E-13   3.88270850E-13   11.5585251    
   12.2882576       2.70268373E-13  -2.79285411E-13   11.5861950    
   12.3174152       1.59142328E-12  -1.59311355E-12   11.6138620    
   12.3465738       8.11382266E-13  -8.15694355E-13   11.6415310    
   12.3757324       8.35017765E-13  -8.40228549E-13   11.6691990    
   12.4048910       3.05189007E-13  -2.96412607E-13   11.6968651    
   12.4340496      -7.44751862E-13   7.38949754E-13   11.7245302    
   12.4632082       1.35561226E-13  -1.32906896E-13   11.7521954    
   12.4923668       7.06298735E-13  -7.08718566E-13   11.7798586    
   12.5215254       1.00548584E-12  -9.92461430E-13   11.8075209    
   12.5506840       4.99398699E-13  -4.96683586E-13   11.8351841    
   12.5798426      -4.64216373E-14   5.05744840E-14   11.8628445    
   12.6090012       7.70649549E-14  -5.90738531E-14   11.8905048    
   12.6381598      -1.51670221E-13   1.49780240E-13   11.9181652    
   12.6673174       3.75413811E-13  -3.69453329E-13   11.9458256    
   12.6964760       7.16317874E-14  -7.26432057E-14   11.9734821    
   12.7256346       2.27907970E-14  -2.27527127E-14   12.0011406    
   12.7547932       3.36608806E-13  -3.42528143E-13   12.0287981    
   12.7839518      -1.35564398E-13   1.24693821E-13   12.0564528    
   12.8131104      -3.49378018E-14   3.89139404E-14   12.0841084    
   12.8422689      -2.45297950E-13   2.49569110E-13   12.1117640    
   12.8714275       5.26970611E-13  -5.32826658E-13   12.1394186    
   12.9005861      -1.32714803E-13   1.32876295E-13   12.1670694    
   12.9297447       6.97024144E-13  -6.96960230E-13   12.1947241    
   12.9589033       7.35794021E-13  -7.36998461E-13   12.2223740    
   12.9880610      -3.06994312E-13   3.16841063E-13   12.2500238    
   13.0172195       4.95928168E-13  -5.04280916E-13   12.2776766    
   13.0463781      -2.13932482E-13   2.15349833E-13   12.3053246    
   13.0755367       2.15648883E-13  -2.25867271E-13   12.3329744    
   13.1046953       5.87503407E-13  -5.82378601E-13   12.3606224    
   13.1338539       5.64939968E-13  -5.49797729E-13   12.3882694    
   13.1630125       4.31505770E-13  -4.40040799E-13   12.4159184    
   13.1921711      -1.97903908E-13   2.01004442E-13   12.4435635    
   13.2213297       9.36806839E-13  -9.33105372E-13   12.4712105    
   13.2504883       6.87849300E-13  -6.88904879E-13   12.4988537    
   13.2796469       2.42265382E-13  -2.55976420E-13   12.5264997    
   13.3088055      -2.24216804E-13   2.27700481E-13   12.5541420    
   13.3379631       1.31835732E-13  -1.45988880E-13   12.5817871    
   13.3671217      -4.16971308E-13   4.08806019E-13   12.6094294    
   13.3962803      -8.63051831E-14   8.84949733E-14   12.6370716    
   13.4254389       3.44539718E-13  -3.45344657E-13   12.6647120    
   13.4545975       4.14859688E-13  -4.19177930E-13   12.6923532    
   13.4837561      -9.88503225E-13   9.83333207E-13   12.7199945    
   13.5129147      -7.23278977E-15   7.64587504E-15   12.7476330    
   13.5420732      -1.61398266E-13   1.61426861E-13   12.7752705    
   13.5712318      -5.39296309E-13   5.41615364E-13   12.8029099    
   13.6003904      -8.31401462E-14   9.59708997E-14   12.8305492    
   13.6295490       4.60630882E-13  -4.68080815E-13   12.8581867    
   13.6587076       2.22259196E-13  -2.26301738E-13   12.8858213    
   13.6878653      -9.05529937E-13   9.04997702E-13   12.9134598    
   13.7170238      -5.19436816E-13   5.22559860E-13   12.9410944    
   13.7461824      -1.64402725E-14   5.24558780E-15   12.9687300    
   13.7753410       5.71441549E-13  -5.73502563E-13   12.9963636    
   13.8044996      -4.22003957E-13   4.14528817E-13   13.0239992    
   13.8336582      -6.59408983E-14   5.62785428E-14   13.0516300    
   13.8628168       1.41834385E-12  -1.41735907E-12   13.0792656    
   13.8919754       1.07463398E-12  -1.07743838E-12   13.1068983    
   13.9211340       5.25637530E-13  -5.21116245E-13   13.1345291    
   13.9502926       3.71846081E-13  -3.89589321E-13   13.1621609    
   13.9794512      -8.20843366E-15   6.82953475E-15   13.1897907    
   14.0086088       5.71923693E-14  -5.72252478E-14   13.2174206    
   14.0377674       1.33432230E-12  -1.32540300E-12   13.2450514    
   14.0669260       1.42389261E-13  -1.42473205E-13   13.2726803    
   14.0960846       2.43227232E-13  -2.45294589E-13   13.3003092    
   14.1252432      -3.34844240E-13   3.23145021E-13   13.3279371    
   14.1544018      -4.72364423E-14   4.61868296E-14   13.3555641    
   14.1835604       6.09764572E-13  -6.12744176E-13   13.3831921    
   14.2127190      -2.59506907E-13   2.56507380E-13   13.4108200    
   14.2418776       4.66705884E-13  -4.72550059E-13   13.4384460    
   14.2710361       3.52427316E-13  -3.50054648E-13   13.4660730    
   14.3001947      -2.44221201E-13   2.42994860E-13   13.4936972    
   14.3293533       4.63403404E-13  -4.58876481E-13   13.5213242    
   14.3585110       4.55676783E-13  -4.52920850E-13   13.5489464    
   14.3876696      -1.00888124E-12   1.00147809E-12   13.5765705    
   14.4168282       3.56510421E-13  -3.71812309E-13   13.6041937    
   14.4459867       5.98784856E-13  -5.98538797E-13   13.6318178    
   14.4751453       2.91283165E-13  -2.91595388E-13   13.6594400    
   14.5043039      -8.11511977E-14   7.87792818E-14   13.6870642    
   14.5334625       7.03473087E-13  -6.96506600E-13   13.7146845    
   14.5626211      -4.17966714E-13   4.17352378E-13   13.7423067    
   14.5917797      -1.01390933E-12   1.03373928E-12   13.7699270    
   14.6209383      -3.19888105E-13   3.37173811E-13   13.7975483    
   14.6500969      -8.20140017E-13   8.14347830E-13   13.8251667    
   14.6792545       3.02896109E-13  -2.97118450E-13   13.8527880    
   14.7084131      -4.06024904E-14   4.10918688E-14   13.8804073    
   14.7375717      -2.69304656E-14   2.70853252E-14   13.9080267    
   14.7667303      -5.65692241E-13   5.67520477E-13   13.9356451    
   14.7958889      -2.25925490E-14   1.10670496E-14   13.9632626    
   14.8250475      -2.30437007E-13   2.30652384E-13   13.9908800    
   14.8542061      -4.86952655E-13   4.83859534E-13   14.0184984    
   14.8833647       3.19595804E-13  -3.24752839E-13   14.0461149    
   14.9125233       3.51054147E-13  -3.61805204E-13   14.0737324    
   14.9416819       8.14405292E-13  -8.06553609E-13   14.1013460    
   14.9708405      -1.46535561E-13   1.54219167E-13   14.1289625    
   14.9999990       1.36864131E-12  -1.36082118E-12   14.1565790    
   15.0291567       1.15390336E-12  -1.13538508E-12   14.1841955    
   15.0583153      -3.34014880E-13   3.30566114E-13   14.2118092    
   15.0874739       9.42458026E-13  -9.41117843E-13   14.2394218    
   15.1166325      -5.51874518E-13   5.47812989E-13   14.2670364    
   15.1457911      -4.51423214E-13   4.54662404E-13   14.2946501    
   15.1749496       3.51903538E-13  -3.24090364E-13   14.3222628    
   15.2041082       1.24365210E-12  -1.24284361E-12   14.3498755    
   15.2332668      -4.94683884E-13   5.02181521E-13   14.3774872    
   15.2624254      -1.08866453E-12   1.07991936E-12   14.4050999    
   15.2915840       3.39157928E-13  -3.38211772E-13   14.4327126    
   15.3207426      -3.53832632E-13   3.63918124E-13   14.4603233    
   15.3499012       3.25173157E-13  -3.30351903E-13   14.4879351    
   15.3790588      -2.34625335E-13   2.35802019E-13   14.5155439    
   15.4082174      -6.73066149E-13   6.69178580E-13   14.5431557    
   15.4373760       1.17135997E-13  -1.25593885E-13   14.5707645    
   15.4665346       5.07591256E-13  -5.11401305E-13   14.5983753    
   15.4956932      -1.59456527E-13   1.57309292E-13   14.6259851    
   15.5248518       5.22027191E-13  -5.24946352E-13   14.6535940    
   15.5540104       2.42826186E-13  -2.41209206E-13   14.6812010    
   15.5831690      -3.92596003E-13   3.93295449E-13   14.7088079    
   15.6123276      -4.40173559E-13   4.47941733E-13   14.7364168    
   15.6414862      -1.93132457E-13   1.88733049E-13   14.7640257    
   15.6706448      -1.22517860E-12   1.24022591E-12   14.7916355    
   15.6998024      -9.16400961E-13   9.13084387E-13   14.8192415    
   15.7289610      -8.91012362E-13   9.02972196E-13   14.8468456    
   15.7581196      -9.68375770E-13   9.77475371E-13   14.8744545    
   15.7872782      -6.78547984E-13   6.86731976E-13   14.9020586    
   15.8164368      -4.47386675E-13   4.53478618E-13   14.9296656    
   15.8455954       9.69890130E-14  -1.01328207E-13   14.9572697    
   15.8747540      -6.19507158E-13   6.20504028E-13   14.9848747    
   15.9039125       9.73250994E-13  -9.72087970E-13   15.0124788    
   15.9330711       1.44483235E-13  -1.47786216E-13   15.0400848    
   15.9622297       4.92876464E-13  -5.00081096E-13   15.0676899    
   15.9913883      -2.47743585E-14   1.35676238E-14   15.0952921    
   16.0205460      -3.28679087E-13   3.33739411E-13   15.1228952    
   16.0497055       2.52630328E-13  -2.61336065E-13   15.1504984    
   16.0788631       8.73336017E-13  -8.69646531E-13   15.1781034    
   16.1080227       4.74519295E-13  -4.74299257E-13   15.2057056    
   16.1371803       3.04877732E-13  -3.13310819E-13   15.2333078    
   16.1663399      -4.36664892E-13   4.31382225E-13   15.2609100    
   16.1954975       1.93470958E-13  -2.00056836E-13   15.2885122    
   16.2246552      -2.88032503E-14   2.11051083E-14   15.3161135    
   16.2538147      -1.49308951E-13   1.43194132E-13   15.3437138    
   16.2829723       4.85816526E-14  -6.81523929E-14   15.3713160    
   16.3121319      -1.68772043E-14   1.83634049E-14   15.3989162    
   16.3412895      -6.84577070E-13   6.90291791E-13   15.4265175    
   16.3704491      -1.17492523E-13   1.24454212E-13   15.4541178    
   16.3996067       3.74712197E-13  -3.76153806E-13   15.4817181    
   16.4287663       4.41571557E-13  -4.51457990E-13   15.5093164    
   16.4579239      -4.56947414E-13   4.62307330E-13   15.5369167    
   16.4870834       3.23558048E-13  -3.31556803E-13   15.5645161    
   16.5162411       5.66944820E-13  -5.47616206E-13   15.5921135    
   16.5453987       2.71386212E-13  -2.75389927E-13   15.6197138    
   16.5745583       1.17682448E-13  -1.17244105E-13   15.6473112    
   16.6037159      -2.80849318E-13   2.82246232E-13   15.6749096    
   16.6328754      -7.36636880E-13   7.29128943E-13   15.7025080    
   16.6620331      -4.05926296E-13   4.02995020E-13   15.7301064    
   16.6911926       4.98448179E-13  -5.05604402E-13   15.7577038    
   16.7203503      -3.62647195E-13   3.67481897E-13   15.7853012    
   16.7495098      -2.91652526E-13   2.87767477E-13   15.8128977    
   16.7786674       5.74916959E-13  -5.78827351E-13   15.8404951    
   16.8078270       3.48479844E-13  -3.50209797E-13   15.8680897    
   16.8369846      -1.39371167E-13   1.30589401E-13   15.8956881    
   16.8661442      -2.43042186E-13   2.53995718E-13   15.9232826    
   16.8953018      -9.12244889E-13   9.02316687E-13   15.9508791    
   16.9244595       7.97871263E-13  -7.87438474E-13   15.9784746    
   16.9536190       3.61241961E-13  -3.63151105E-13   16.0060692    
   16.9827766      -1.21309321E-12   1.22023518E-12   16.0336647    
   17.0119362      -2.02528302E-13   1.86249589E-13   16.0612602    
   17.0410938       3.03425118E-13  -3.18514746E-13   16.0888538    
   17.0702534      -3.86486091E-13   3.86988591E-13   16.1164494    
   17.0994110       6.77757546E-14  -5.86337416E-14   16.1440430    
   17.1285706      -5.42457247E-14   3.99126668E-14   16.1716366    
   17.1577282       8.16330290E-15  -4.29083767E-15   16.1992302    
   17.1868877       6.13234452E-13  -6.18372161E-13   16.2268238    
   17.2160454      -8.95866172E-13   8.97912170E-13   16.2544174    
   17.2452030       2.04393170E-13  -2.23165941E-13   16.2820110    
   17.2743626       3.99615345E-13  -3.99301442E-13   16.3096027    
   17.3035202       2.23455599E-13  -2.13028854E-13   16.3371964    
   17.3326797      -3.98248573E-13   3.97542486E-13   16.3647881    
   17.3618374       6.02604609E-13  -6.10043374E-13   16.3923817    
   17.3909969       9.08043646E-14  -1.00603404E-13   16.4199715    
   17.4201546      -2.13297926E-13   2.20734414E-13   16.4475651    
   17.4493141       5.48158361E-13  -5.47638595E-13   16.4751549    
   17.4784718       1.50948156E-12  -1.51142402E-12   16.5027466    
   17.5076313      -4.85030364E-13   4.82816695E-13   16.5303383    
   17.5367889      -7.83932516E-14   6.86279579E-14   16.5579281    
   17.5659466      -1.04878915E-13   9.25992410E-14   16.5855198    
   17.5951061      -6.06540859E-13   6.06905856E-13   16.6131115    
   17.6242638      -1.60157315E-13   1.57962537E-13   16.6406994    
   17.6534233      -1.60417944E-13   1.65322874E-13   16.6682911    
   17.6825809       4.54811319E-13  -4.58554256E-13   16.6958828    
   17.7117405      -1.56572368E-12   1.56185937E-12   16.7234688    
   17.7408981       5.00852831E-13  -4.99856233E-13   16.7510586    
   17.7700577       8.23561542E-13  -8.28700444E-13   16.7786484    
   17.7992153      -5.47878041E-13   5.47197433E-13   16.8062382    
   17.8283749      -7.80728889E-13   7.75921970E-13   16.8338280    
   17.8575325      -1.34524705E-12   1.34835567E-12   16.8614159    
   17.8866920      -2.84227557E-13   2.78307298E-13   16.8890038    
   17.9158497      -7.58060064E-14   8.08461913E-14   16.9165936    
   17.9450073      -4.76305031E-13   4.76393556E-13   16.9441795    
   17.9741669      -7.06009483E-14   6.27499151E-14   16.9717712    
   18.0033245       2.59452453E-13  -2.55912750E-13   16.9993572    
   18.0324841       4.42944597E-14  -2.85978957E-14   17.0269451    
   18.0616417       1.19121108E-12  -1.18701468E-12   17.0545330    
   18.0908012       2.79409115E-14  -2.70459839E-14   17.0821209    
   18.1199589       1.42892219E-12  -1.42533619E-12   17.1097069    
   18.1491184       6.68414705E-13  -6.56774873E-13   17.1372948    
   18.1782761       5.24458515E-13  -5.17848243E-13   17.1648827    
   18.2074356       4.09101667E-14  -4.73468073E-14   17.1924667    
   18.2365932       2.52682830E-13  -2.72086092E-13   17.2200546    
   18.2657509       1.19989359E-12  -1.20270243E-12   17.2476406    
   18.2949104      -8.07301329E-13   8.11759297E-13   17.2752266    
   18.3240681       1.14402476E-12  -1.16074446E-12   17.3028126    
   18.3532276       2.13026116E-13  -2.10296949E-13   17.3303967    
   18.3823853      -1.51000309E-14   6.33188341E-15   17.3579826    
   18.4115448      -1.13038681E-14   9.36580932E-15   17.3855686    
   18.4407024      -4.44257586E-13   4.65686192E-13   17.4131546    
   18.4698620      -7.24756138E-13   7.22852767E-13   17.4407406    
   18.4990196      -2.32610995E-13   2.45123881E-13   17.4683247    
   18.5281792       3.73470514E-13  -3.67712778E-13   17.4959106    
   18.5573368      -4.51551692E-13   4.51786341E-13   17.5234947    
   18.5864944      -2.01529359E-13   1.90755127E-13   17.5510788    
   18.6156540       2.79187751E-13  -2.73225615E-13   17.5786629    
   18.6448116       1.47475416E-13  -1.44999776E-13   17.6062469    
   18.6739712       1.36330183E-13  -1.37853243E-13   17.6338329    
   18.7031288      -8.86759145E-13   8.90007035E-13   17.6614132    
   18.7322884      -1.01410894E-12   1.03447361E-12   17.6889992    
   18.7614460      -3.66377095E-13   3.41656770E-13   17.7165813    
   18.7906055      -3.76127921E-13   3.62364191E-13   17.7441654    
   18.8197632      -1.97484200E-13   2.15015668E-13   17.7717495    
   18.8489227      -3.84860736E-13   3.71828002E-13   17.7993317    
   18.8780804       7.74182096E-13  -7.68389692E-13   17.8269157    
   18.9072380      -3.77188461E-13   3.61407275E-13   17.8544979    
   18.9363976      -1.48720251E-12   1.49272088E-12   17.8820801    
   18.9655552      -1.45092792E-12   1.46002297E-12   17.9096622    
   18.9947147      -9.75602723E-14   8.61631526E-14   17.9372444    
   19.0238724      -4.08893703E-13   4.15494299E-13   17.9648266    
   19.0530319       7.40404591E-13  -7.38596738E-13   17.9924107    
   19.0821896       4.37444623E-13  -4.44612473E-13   18.0199909    
   19.1113491       9.36005071E-13  -9.48641231E-13   18.0475731    
   19.1405067       1.43818239E-13  -1.60185707E-13   18.0751534    
   19.1696663      -4.60363193E-13   4.51881967E-13   18.1027355    
   19.1988239       6.58575232E-15  -1.28687149E-14   18.1303196    
   19.2279835      -3.58424282E-13   3.58994003E-13   18.1578979    
   19.2571411       1.02060168E-12  -1.03563198E-12   18.1854801    
   19.2862988       2.83959027E-13  -2.89312546E-13   18.2130604    
   19.3154583       1.20880148E-14   1.56540464E-14   18.2406425    
   19.3446159      -1.39296289E-13   1.40198169E-13   18.2682228    
   19.3737755       1.79492787E-13  -1.99828991E-13   18.2958012    
   19.4029331       7.93980441E-13  -7.94636438E-13   18.3233833    
   19.4320927      -3.09444744E-13   3.16138093E-13   18.3509636    
   19.4612503      -6.75482727E-13   6.67009742E-13   18.3785419    
   19.4904099      -6.11276980E-14   4.82381672E-14   18.4061222    
   19.5195675       2.25939628E-13  -2.39092871E-13   18.4337025    
   19.5487270      -1.09468099E-13   9.87849329E-14   18.4612827    
   19.5778847      -2.48952443E-13   2.40341763E-13   18.4888611    
   19.6070423      -2.96316682E-13   3.02577679E-13   18.5164413    
   19.6362019      -9.64723635E-13   9.73541451E-13   18.5440216    
   19.6653595       1.08407525E-13  -1.08016169E-13   18.5716000    
   19.6945190      -3.92128170E-13   3.92944710E-13   18.5991783    
   19.7236767      -2.35578592E-13   2.26525938E-13   18.6267586    
   19.7528362      -2.79084183E-13   2.71467907E-13   18.6543369    
   19.7819939      -5.15228390E-14   5.30731939E-14   18.6819153    
   19.8111534      -1.34168425E-12   1.32904267E-12   18.7094936    
   19.8403111      -6.67697126E-13   6.61390810E-13   18.7370720    
   19.8694706       4.52670697E-13  -4.46560811E-13   18.7646503    
   19.8986282       7.81911862E-13  -7.65089977E-13   18.7922287    
   19.9277859      -1.04624859E-12   1.04349786E-12   18.8198071    
   19.9569454      -2.69519839E-13   2.63983740E-13   18.8473854    
   19.9861031      -1.30235970E-12   1.29536974E-12   18.8749619    
   20.0152626      -8.60724794E-13   8.50918782E-13   18.9025402    
   20.0444202      -6.95485065E-13   7.07058706E-13   18.9301186    
   20.0735798       2.89423325E-13  -2.92257890E-13   18.9576950    
   20.1027374      -6.19710284E-13   6.02763878E-13   18.9852734    
   20.1318970      -4.88093452E-13   4.96863781E-13   19.0128498    
   20.1610546       1.13016970E-13  -1.16789418E-13   19.0404263    
   20.1902142      -7.91468535E-14   6.96316648E-14   19.0680046    
   20.2193718      -4.87420217E-13   4.87937978E-13   19.0955811    
   20.2485313       8.02031239E-13  -8.01799491E-13   19.1231575    
   20.2776890       1.96271385E-13  -2.02424882E-13   19.1507339    
   20.3068466      -8.78760904E-14   8.67237326E-14   19.1783104    
   20.3360062       1.01702750E-12  -1.02386394E-12   19.2058887    
   20.3651638      -1.93144817E-13   1.81839868E-13   19.2334633    
   20.3943233       4.69904714E-13  -4.67658735E-13   19.2610397    
   20.4234810      -9.30283194E-13   9.53447282E-13   19.2886162    
   20.4526405       3.87461005E-13  -3.89792528E-13   19.3161926    
   20.4817982       9.27690474E-14  -9.24001611E-14   19.3437672    
   20.5109577       5.01767885E-14  -4.85650711E-14   19.3713436    
   20.5401154      -9.28778742E-14   8.57777255E-14   19.3989201    
   20.5692749      -4.00588417E-13   3.87493179E-13   19.4264965    
   20.5984325       7.18755364E-14  -6.80970037E-14   19.4540710    
   20.6275902      -6.37595012E-13   6.42721661E-13   19.4816456    
   20.6567497       9.15388533E-13  -9.15348418E-13   19.5092201    
   20.6859074      -1.52286473E-12   1.52796124E-12   19.5367966    
   20.7150669       2.06411846E-13  -2.22709777E-13   19.5643711    
   20.7442245       2.65299149E-13  -2.74763637E-13   19.5919456    
   20.7733841       3.07772823E-13  -3.01249721E-13   19.6195221    
   20.8025417      -6.73558160E-13   6.76664942E-13   19.6470947    
   20.8317013      -4.43637233E-13   4.23727893E-13   19.6746693    
   20.8608589      -1.11780691E-12   1.10744877E-12   19.7022457    
   20.8900185      -7.55509533E-13   7.43073409E-13   19.7298203    
   20.9191761      -6.27078142E-13   6.10269647E-13   19.7573948    
   20.9483337      -4.92326611E-13   4.91937057E-13   19.7849693    
   20.9774933       5.41795883E-13  -5.33529926E-13   19.8125420    
   21.0066509       1.20754773E-12  -1.20475440E-12   19.8401165    
   21.0358105       1.12895880E-14  -2.06584407E-14   19.8676891    
   21.0649681      -1.00598154E-12   9.98366862E-13   19.8952637    
   21.0941277       8.98450205E-13  -9.01369745E-13   19.9228382    
   21.1232853       7.07246327E-13  -7.00047659E-13   19.9504128    
   21.1524448      -1.13326687E-12   1.12339782E-12   19.9779854    
   21.1816025      -1.82084870E-13   1.78837861E-13   20.0055580    
   21.2107620       5.35169680E-14  -4.90573700E-14   20.0331326    
   21.2399197       5.60354606E-13  -5.62064609E-13   20.0607052    
   21.2690792      -7.14542900E-14   6.52153163E-14   20.0882778    
   21.2982368      -2.73629914E-13   2.73561610E-13   20.1158504    
   21.3273945       6.17025419E-13  -6.29296040E-13   20.1434250    
   21.3565540       3.95033669E-13  -4.00530900E-13   20.1709976    
   21.3857117      -3.93486106E-13   3.98678242E-13   20.1985703    
   21.4148712       8.18753499E-14  -9.38705629E-14   20.2261429    
   21.4440289      -8.81179353E-13   8.78218939E-13   20.2537155    
   21.4731884       4.03065507E-14  -4.34503575E-14   20.2812881    
   21.5023460      -1.60257373E-13   1.69148360E-13   20.3088608    
   21.5315056       5.43915194E-14  -5.84004213E-14   20.3364334    
   21.5606632      -1.73845031E-12   1.73936343E-12   20.3640041    
   21.5898228      -1.70888504E-13   1.60054058E-13   20.3915787    
   21.6189804      -2.63230301E-13   2.41871247E-13   20.4191494    
   21.6481380       4.28354861E-13  -4.28369092E-13   20.4467220    
   21.6772976      -2.39791693E-13   2.27356450E-13   20.4742947    
   21.7064552      -2.62945698E-13   2.45248185E-13   20.5018654    
   21.7356148      -9.02199932E-14   9.00819472E-14   20.5294380    
   21.7647724       1.37950700E-13  -1.35017946E-13   20.5570087    
   21.7939320       4.98748517E-14  -4.37539138E-14   20.5845814    
   21.8230896      -4.12537165E-13   3.92401687E-13   20.6121521    
   21.8522491      -5.90903791E-13   5.76495774E-13   20.6397228    
   21.8814068       2.30441954E-14  -2.03451452E-14   20.6672955    
   21.9105663      -9.14653661E-13   9.12341925E-13   20.6948662    
   21.9397240       3.49218674E-13  -3.57365125E-13   20.7224369    
   21.9688816      -1.68250613E-12   1.68462412E-12   20.7500076    
   21.9980412      -1.64115317E-13   1.81877882E-13   20.7775803    
   22.0271988      -8.33206063E-13   8.29146268E-13   20.8051510    
   22.0563583      -2.54072615E-13   2.44503175E-13   20.8327217    
   22.0855160      -7.67063225E-13   7.62996166E-13   20.8602924    
   22.1146755       1.15755075E-13  -1.13672973E-13   20.8878632    
   22.1438332       5.52591284E-13  -5.42513571E-13   20.9154339    
   22.1729927      -2.85414568E-13   2.72246527E-13   20.9430046    
   22.2021503      -5.64277683E-13   5.50262906E-13   20.9705734    
   22.2313099      -2.17333421E-12   2.18451841E-12   20.9981441    
   22.2604675       1.60519720E-12  -1.61709480E-12   21.0257149    
   22.2896252       3.56881625E-13  -3.60295805E-13   21.0532856    
   22.3187847      -6.46738183E-14   6.44281449E-14   21.0808544    
   22.3479424       6.68046618E-13  -6.83252717E-13   21.1084251    
   22.3771019      -6.89198481E-13   6.84290623E-13   21.1359959    
   22.4062595      -8.13522047E-13   8.29870786E-13   21.1635647    
   22.4354191      -1.13504997E-13   9.76515892E-14   21.1911354    
   22.4645767      -6.94984922E-13   6.93744216E-13   21.2187042    
   22.4937363       3.34050197E-13  -3.29120384E-13   21.2462749    
   22.5228939       3.82416727E-13  -3.81428748E-13   21.2738438    
   22.5520535       1.08965484E-12  -1.07214227E-12   21.3014145    
   22.5812111       3.70290577E-13  -3.56528880E-13   21.3289833    
   22.6103706      -6.43754744E-13   6.41120349E-13   21.3565521    
   22.6395283      -1.73574263E-13   1.70792322E-13   21.3841228    
   22.6686859      -2.95471709E-13   3.02378511E-13   21.4116917    
   22.6978455      -1.00767875E-12   1.01558573E-12   21.4392605    
   22.7270031      -6.33364129E-13   6.19795339E-13   21.4668293    
   22.7561626      -1.40789005E-13   1.23582365E-13   21.4943981    
   22.7853203      -7.01660464E-13   7.12093199E-13   21.5219669    
   22.8144798      -3.25131686E-13   3.24083154E-13   21.5495377    
   22.8436375      -9.15103713E-13   9.24305012E-13   21.5771046    
   22.8727970      -5.34859212E-13   5.23746194E-13   21.6046753    
   22.9019547       4.06917799E-13  -3.98331270E-13   21.6322422    
   22.9311142      -1.60282323E-12   1.59486823E-12   21.6598110    
   22.9602718      -6.67841379E-13   6.49505894E-13   21.6873817    
   22.9894295      -1.26952073E-12   1.28695990E-12   21.7149487    
   23.0185890       5.06221204E-13  -5.19507885E-13   21.7425175    
   23.0477467      -1.02948086E-12   1.02777845E-12   21.7700844    
   23.0769062      -1.05001923E-12   1.06232395E-12   21.7976551    
   23.1060638      -2.10275525E-12   2.09629362E-12   21.8252220    
   23.1352234      -4.61050740E-13   4.62461991E-13   21.8527908    
   23.1643810       1.18079076E-13  -9.80077564E-14   21.8803577    
   23.1935406      -1.51795731E-12   1.52520900E-12   21.9079266    
   23.2226982      -2.67760288E-13   2.50039925E-13   21.9354935    
   23.2518578      -1.43864318E-13   1.36673889E-13   21.9630623    
   23.2810154       1.17471706E-13  -1.11586677E-13   21.9906311    
   23.3101730       2.84186330E-14  -3.98430475E-14   22.0181980    
   23.3393326      -5.59382252E-14   6.30116822E-14   22.0457649    
   23.3684902       8.46479516E-13  -8.39349640E-13   22.0733318    
   23.3976498      -1.00622754E-12   1.01436860E-12   22.1009026    
   23.4268074      -9.62309551E-13   9.62744316E-13   22.1284676    
   23.4559669      -4.71610652E-13   4.63001219E-13   22.1560364    
   23.4851246      -8.07561320E-13   8.10188939E-13   22.1836033    
   23.5142841      -2.05115018E-13   1.95832852E-13   22.2111702    
   23.5434418      -4.14648134E-13   4.17938443E-13   22.2387371    
   23.5726013      -7.70155912E-13   7.68370122E-13   22.2663059    
   23.6017590       3.76903668E-13  -4.01401921E-13   22.2938728    
   23.6309185      -1.20502783E-12   1.18130570E-12   22.3214397    
   23.6600761       1.33949275E-13  -1.38423873E-13   22.3490067    
   23.6892338      -3.37827016E-13   3.26464387E-13   22.3765717    
   23.7183933       3.96334820E-13  -4.15907922E-13   22.4041405    
   23.7475510       1.34907786E-12  -1.35628889E-12   22.4317074    
   23.7767105      -1.37902005E-12   1.36388513E-12   22.4592743    
   23.8058681      -1.99921048E-12   1.99343320E-12   22.4868412    
   23.8350277      -1.00123750E-12   1.00380056E-12   22.5144062    
   23.8641853      -6.60384887E-13   6.50307336E-13   22.5419750    
   23.8933449       7.63524647E-15  -1.18235804E-14   22.5695400    
   23.9225025       4.28811338E-13  -4.12758179E-13   22.5971069    
   23.9516621      -1.29771747E-12   1.29142237E-12   22.6246738    
   23.9808197      -4.88637939E-13   4.85161444E-13   22.6522388    
   24.0099773      -2.03640793E-12   2.02354366E-12   22.6798077    
   24.0391369      -2.08510791E-12   2.06236634E-12   22.7073727    
   24.0682945      -1.56427876E-12   1.54337394E-12   22.7349396    
   24.0974541       6.78781711E-14  -6.73610405E-14   22.7625046    
   24.1266117      -2.70845542E-12   2.71380032E-12   22.7900715    
   24.1557713      -2.72640179E-12   2.73980881E-12   22.8176365    
   24.1849289      -1.08793703E-12   1.05917098E-12   22.8452034    
   24.2140884      -1.70702786E-12   1.69289040E-12   22.8727684    
   24.2432461      -1.87080451E-12   1.89346650E-12   22.9003353    
   24.2724056      -4.21056907E-13   3.94637854E-13   22.9279003    
   24.3015633      -7.52044911E-13   7.59384417E-13   22.9554653    
   24.3307209      -1.97400906E-12   1.97208786E-12   22.9830322    
   24.3598804      -4.27721579E-13   4.20696816E-13   23.0105972    
   24.3890381      -5.84479568E-13   5.72528787E-13   23.0381622    
   24.4181976      -4.43845454E-13   4.40691618E-13   23.0657291    
   24.4473553      -7.96388942E-13   8.01992641E-13   23.0932941    
   24.4765148       1.31623727E-12  -1.31081311E-12   23.1208591    
   24.5056725      -1.90586566E-12   1.90740674E-12   23.1484261    
   24.5348320      -2.93952091E-13   2.77440614E-13   23.1759911    
   24.5639896       4.22419939E-13  -4.28631496E-13   23.2035561    
   24.5931492       6.30588138E-13  -6.34043545E-13   23.2311211    
   24.6223068       4.48552843E-13  -4.49515994E-13   23.2586861    
   24.6514664       1.12409073E-12  -1.13349120E-12   23.2862511    
   24.6806240       7.04217067E-13  -7.19590023E-13   23.3138180    
   24.7097816      -4.96946993E-13   4.74590961E-13   23.3413811    
   24.7389412       4.43600343E-13  -4.42229288E-13   23.3689461    
   24.7680988       3.29864581E-13  -3.22323060E-13   23.3965111    
   24.7972584      -3.74552846E-13   3.70829181E-13   23.4240761    
   24.8264160      -1.33267767E-12   1.33020732E-12   23.4516411    
   24.8555756      -1.17173437E-12   1.16828042E-12   23.4792061    
   24.8847332       9.51635689E-13  -9.41203279E-13   23.5067711    
   24.9138927      -8.96959102E-13   8.93242836E-13   23.5343361    
   24.9430504      -1.31350746E-12   1.31751988E-12   23.5619011    
   24.9722099      -5.25732615E-13   5.38944648E-13   23.5894642    
   25.0013676      -1.29078844E-12   1.30351264E-12   23.6170292    
   25.0305252      -1.97149762E-12   1.95463068E-12   23.6445923    
   25.0596848      -1.14505096E-12   1.14325932E-12   23.6721592    
   25.0888424       1.79808805E-13  -1.83910924E-13   23.6997223    
   25.1180019      -1.09099231E-12   1.09540155E-12   23.7272873    
   25.1471596      -1.56756899E-12   1.55314878E-12   23.7548504    
   25.1763191      -1.38607561E-12   1.38910736E-12   23.7824154    
   25.2054768      -1.90706262E-12   1.90620349E-12   23.8099804    
   25.2346363      -5.40481017E-13   5.34581765E-13   23.8375435    
   25.2637939       9.28684552E-14  -8.25268402E-14   23.8651085    
   25.2929535      -1.96218389E-12   1.95643978E-12   23.8926716    
   25.3221111      -1.92892685E-12   1.92067781E-12   23.9202347    
   25.3512688      -1.58114234E-12   1.56571208E-12   23.9477997    
   25.3804283      -1.35214932E-13   1.30663316E-13   23.9753647    
   25.4095860      -9.44628815E-13   9.62047499E-13   24.0029278    
   25.4387455       6.54287822E-13  -6.50132454E-13   24.0304928    
   25.4679031      -5.16445935E-13   5.08814453E-13   24.0580559    
   25.4970627       5.04061684E-14  -3.15624161E-14   24.0856190    
   25.5262203      -1.20929059E-12   1.19435885E-12   24.1131840    
   25.5553799      -3.02657747E-13   3.07103979E-13   24.1407471    
   25.5845375      -1.34183409E-12   1.34154667E-12   24.1683102    
   25.6136971       8.01680770E-13  -8.13720239E-13   24.1958733    
   25.6428547      -4.69244110E-13   4.60849729E-13   24.2234383    
   25.6720123      -5.75254525E-13   5.84577417E-13   24.2510014    
   25.7011719      -6.22800097E-13   6.34461938E-13   24.2785645    
   25.7303295       6.01380707E-13  -5.95878327E-13   24.3061275    
   25.7594891       2.91129425E-13  -2.87710611E-13   24.3336906    
   25.7886467       1.03556584E-12  -1.03385659E-12   24.3612537    
   25.8178062      -8.12191243E-13   8.37236205E-13   24.3888168    
   25.8469639      -1.38342170E-12   1.40200850E-12   24.4163818    
   25.8761234       3.14020972E-13  -3.22119718E-13   24.4439430    
   25.9052811      -5.70594516E-13   5.83690268E-13   24.4715080    
   25.9344406      -5.45286147E-13   5.66556893E-13   24.4990711    
   25.9635983       9.91891980E-14  -1.08330689E-13   24.5266342    
   25.9927578      -4.25006547E-13   4.19136568E-13   24.5541954    
   26.0219154      -8.76991188E-13   8.61187640E-13   24.5817585    
   26.0510731      -8.08795739E-13   7.93741049E-13   24.6093216    
   26.0802326       8.98556538E-14  -9.45107640E-14   24.6368847    
   26.1093903      -1.15910623E-12   1.13600871E-12   24.6644478    
   26.1385498      -1.81846899E-12   1.82370525E-12   24.6920109    
   26.1677074      -5.25949889E-13   5.32075469E-13   24.7195740    
   26.1968670      -5.18975162E-13   5.57417448E-13   24.7471371    
   26.2260246      -6.91897765E-13   6.91382444E-13   24.7747002    
   26.2551842      -9.86968428E-13   9.76661460E-13   24.8022614    
   26.2843418      -1.89793558E-12   1.91137037E-12   24.8298244    
   26.3135014      -1.95223460E-12   1.94780325E-12   24.8573875    
   26.3426590       4.73506380E-13  -4.63465258E-13   24.8849487    
   26.3718166       1.89913176E-13  -1.83486716E-13   24.9125118    
   26.4009762      -1.04403292E-12   1.02212477E-12   24.9400749    
   26.4301338      -8.79445551E-13   8.62472528E-13   24.9676380    
   26.4592934      -6.65412061E-13   6.69972541E-13   24.9951992    
   26.4884510      -1.03710812E-12   1.03543324E-12   25.0227623    
   26.5176105       1.13949941E-12  -1.13497449E-12   25.0503235    
   26.5467682      -6.93807587E-13   6.88728805E-13   25.0778866    
   26.5759277       9.23361756E-13  -9.06809567E-13   25.1054478    
   26.6050854      -2.05532477E-14   2.59856901E-14   25.1330109    
   26.6342449      -1.75714467E-12   1.76965311E-12   25.1605721    
   26.6634026      -1.97953307E-12   1.98475307E-12   25.1881351    
   26.6925602      -6.15818540E-13   6.33153252E-13   25.2156963    
   26.7217197       1.03435728E-12  -1.02910020E-12   25.2432594    
   26.7508774      -1.07692967E-12   1.09519501E-12   25.2708225    
   26.7800369      -1.99811128E-13   2.13885740E-13   25.2983837    
   26.8091946      -1.76224405E-13   1.74544854E-13   25.3259449    
   26.8383541       2.22308405E-13  -2.30009317E-13   25.3535061    
   26.8675117      -4.88152541E-13   4.82113481E-13   25.3810692    
   26.8966713       5.11743832E-14  -3.17125307E-14   25.4086304    
   26.9258289       2.74859562E-13  -2.69138905E-13   25.4361916    
   26.9549885       1.75892639E-13  -1.59341033E-13   25.4637547    
   26.9841461      -8.84873609E-13   8.87423598E-13   25.4913158    
   27.0133057      -1.00670709E-12   1.01888832E-12   25.5188789    
   27.0424633      -6.84753523E-13   6.77841572E-13   25.5464401    
   27.0716209      -1.06676777E-12   1.07543889E-12   25.5740013    
   27.1007805      -6.76258095E-13   6.63122443E-13   25.6015625    
   27.1299381      -2.22347453E-14   4.66102275E-14   25.6291237    
   27.1590977      -1.59756323E-12   1.58374952E-12   25.6566868    
   27.1882553      -7.56672882E-13   7.63925544E-13   25.6842461    
   27.2174149      -4.46712681E-13   4.43486529E-13   25.7118073    
   27.2465725      -2.38658594E-13   2.37096828E-13   25.7393703    
   27.2757320      -4.19062815E-13   4.33608851E-13   25.7669315    
   27.3048897      -1.75108289E-12   1.76115904E-12   25.7944927    
   27.3340492      -4.72884535E-13   4.65531801E-13   25.8220539    
   27.3632069      -1.76187363E-12   1.78262255E-12   25.8496151    
   27.3923645      -1.12220075E-12   1.11472810E-12   25.8771763    
   27.4215240      -2.78352775E-12   2.79704580E-12   25.9047375    
   27.4506817      -1.30411567E-12   1.30606550E-12   25.9322987    
   27.4798412      -1.42677753E-12   1.43508382E-12   25.9598598    
   27.5089989      -1.74402756E-12   1.75370005E-12   25.9874210    
   27.5381584      -1.11204991E-12   1.10064887E-12   26.0149822    
   27.5673161      -1.38104419E-14   3.91574480E-15   26.0425434    
   27.5964756       2.17532277E-13  -2.10841192E-13   26.0701046    
   27.6256332      -1.32352050E-12   1.31245297E-12   26.0976658    
   27.6547928       9.17996758E-14  -9.15891711E-14   26.1252270    
   27.6839504      -1.27034098E-13   1.18993343E-13   26.1527863    
   27.7131081       1.02167005E-12  -1.03560389E-12   26.1803474    
   27.7422676      -3.83985378E-14   3.35567484E-14   26.2079105    
   27.7714252       5.05164216E-13  -5.11096970E-13   26.2354698    
   27.8005848      -5.80134682E-13   5.90229959E-13   26.2630291    
   27.8297424      -4.84211900E-13   5.04505780E-13   26.2905903    
   27.8589020       9.84211410E-13  -9.88229247E-13   26.3181515    
   27.8880596      -9.36613051E-14   9.29652812E-14   26.3457127    
   27.9172192      -1.65230988E-13   1.71201622E-13   26.3732738    
   27.9463768       1.24766300E-12  -1.24171702E-12   26.4008331    
   27.9755363      -1.44152398E-12   1.43435882E-12   26.4283943    
   28.0046940       6.03331838E-13  -5.96634938E-13   26.4559555    
   28.0338535       1.86590695E-12  -1.84337940E-12   26.4835148    
   28.0630112      -5.98655619E-13   6.14522213E-13   26.5110760    
   28.0921688      -5.42542790E-13   5.35069710E-13   26.5386372    
   28.1213284       1.93760996E-13  -2.10928321E-13   26.5661983    
   28.1504860       5.06602356E-13  -4.88997731E-13   26.5937576    
   28.1796455      -4.89425720E-13   4.95877645E-13   26.6213169    
   28.2088032       9.90268523E-14  -8.16809185E-14   26.6488781    
   28.2379627       5.76344528E-13  -5.88128125E-13   26.6764393    
   28.2671204      -2.66771262E-12   2.68616683E-12   26.7039986    
   28.2962799       1.32136684E-12  -1.31433102E-12   26.7315598    
   28.3254375      -1.27861057E-12   1.29185866E-12   26.7591190    
   28.3545971      -2.76059861E-12   2.75788008E-12   26.7866802    
   28.3837547      -2.59758729E-12   2.60317007E-12   26.8142395    
   28.4129124      -8.12677887E-13   7.92777356E-13   26.8417988    
   28.4420719      -8.30717710E-13   8.42065350E-13   26.8693600    
   28.4712296      -9.02226021E-14   7.28535410E-14   26.8969193    
   28.5003891      -2.67585379E-13   2.59058617E-13   26.9244804    
   28.5295467       8.97718694E-13  -9.27546560E-13   26.9520397    
   28.5587063      -1.83604455E-12   1.85149248E-12   26.9796009    
   28.5878639      -2.29166816E-12   2.30204310E-12   27.0071602    
   28.6170235      -4.48372947E-13   4.49310375E-13   27.0347195    
   28.6461811       9.50073679E-13  -9.51188130E-13   27.0622807    
   28.6753407       9.14034880E-14  -6.87708083E-14   27.0898399    
   28.7044983      -3.06171402E-13   3.00153267E-13   27.1173992    
   28.7336559      -2.15441358E-12   2.15808599E-12   27.1449585    
   28.7628155      -5.16924069E-13   5.07297329E-13   27.1725197    
   28.7919731       1.58845376E-12  -1.57917950E-12   27.2000790    
   28.8211327      -5.03336359E-13   4.99407102E-13   27.2276382    
   28.8502903       2.37787437E-13  -2.24396416E-13   27.2551975    
   28.8794498       8.07115063E-13  -7.92202783E-13   27.2827587    
   28.9086075       1.74457982E-13  -1.70637918E-13   27.3103180    
   28.9377670      -2.79911565E-13   2.98700436E-13   27.3378773    
   28.9669247       8.73654827E-13  -8.76331939E-13   27.3654366    
   28.9960842      -6.69515496E-13   6.84593278E-13   27.3929958    
   29.0252419      -7.65309203E-13   7.53654626E-13   27.4205570    
   29.0543995       2.46227463E-13  -2.25257340E-13   27.4481163    
   29.0835590       1.84445970E-12  -1.84495886E-12   27.4756756    
   29.1127167      -1.74794239E-12   1.73002010E-12   27.5032349    
   29.1418762      -1.02775915E-12   1.01608609E-12   27.5307941    
   29.1710339       1.01939052E-12  -1.00149403E-12   27.5583534    
   29.2001934      -4.53999712E-13   4.48219288E-13   27.5859127    
   29.2293510      -5.35625201E-13   5.39061254E-13   27.6134739    
   29.2585106       4.68692142E-13  -4.69133033E-13   27.6410313    
   29.2876682      -2.28116435E-13   2.10348503E-13   27.6685925    
   29.3168278      -1.89774130E-12   1.90738159E-12   27.6961498    
   29.3459854      -8.64456185E-13   8.66569403E-13   27.7237091    
   29.3751450       2.26842647E-13  -2.35260433E-13   27.7512684    
   29.4043026      -1.46209000E-12   1.46038542E-12   27.7788277    
   29.4334602      -8.22925820E-13   8.11522399E-13   27.8063869    
   29.4626198      -1.67437895E-12   1.66892585E-12   27.8339462    
   29.4917774      -9.84336961E-13   9.89749081E-13   27.8615055    
   29.5209370      -9.35527697E-13   9.52570054E-13   27.8890648    
   29.5500946      -1.97494950E-12   1.98295655E-12   27.9166241    
   29.5792542      -1.12087531E-12   1.13676635E-12   27.9441833    
   29.6084118      -3.76075012E-13   3.52735202E-13   27.9717426    
   29.6375713      -5.03799856E-13   5.03388780E-13   27.9993019    
   29.6667290      -1.15703866E-12   1.14219626E-12   28.0268612    
   29.6958885      -5.85944487E-13   5.74366726E-13   28.0544186    
   29.7250462      -1.13998275E-12   1.12862150E-12   28.0819778    
   29.7542038       3.04319639E-13  -3.04107190E-13   28.1095371    
   29.7833633      -9.04328316E-13   9.21787928E-13   28.1370964    
   29.8125210       2.11377099E-13  -2.26199878E-13   28.1646557    
   29.8416805       1.97243437E-12  -1.97423610E-12   28.1922131    
   29.8708382      -4.04069329E-13   4.05724553E-13   28.2197723    
   29.8999977       8.88425564E-13  -8.62891572E-13   28.2473316    
   29.9291553       2.94784596E-12  -2.90819452E-12   28.2748909    
